Node_Id	Betweenness_Centrality
164	0.23248831450559196
428	0.12610085690638295
75	0.08934413819511738
748	0.08534091150396697
566	0.07637499735733902
524	0.06791763998749709
639	0.06318672100688442
612	0.052488772254353847
431	0.04984250020738589
567	0.04125043108324383
2422	0.03888015284232396
116	0.03452548018217363
1528	0.03256726054611205
158	0.029751373597573565
746	0.029222825984802085
295	0.028918091127117778
379	0.026030423122202016
1499	0.02594770337235818
2296	0.02407837711834657
1645	0.023596868419762503
1677	0.02273867087158684
577	0.02207762406364532
479	0.021590869923712952
478	0.02145411846471691
882	0.02129127804065371
780	0.02087062252724783
1489	0.020567516136779783
67	0.019627402067340555
251	0.01952193323763652
480	0.01943413591665318
673	0.019297815559454735
1355	0.018169316904556573
1208	0.01779424591105408
777	0.017131712176188578
42	0.016986866261705962
1291	0.016898415951335188
720	0.016884999315822016
2222	0.016838419412525188
110	0.016601627353338397
343	0.01640726873587257
1491	0.016119824025254394
1241	0.01600713177025532
345	0.015986478571685392
162	0.01593718904636032
636	0.01580816742233436
532	0.015479017335090571
911	0.01502840854788132
1275	0.014910624854201046
1551	0.014602714296532515
570	0.014367443938934256
313	0.014252116688527236
553	0.014085146666525713
968	0.013927638319583128
2674	0.013845931833827943
454	0.013314980942513897
718	0.013214129628605478
773	0.01319514828183409
2167	0.01298189175963309
659	0.012777942915544363
1458	0.012475431153616526
284	0.012018140735348981
137	0.012004436228144002
578	0.011632840029462006
694	0.011455068038271477
685	0.011439360012805506
331	0.011381377600913975
2410	0.011215217504678554
85	0.01106912619660534
2449	0.010733896727587396
1688	0.010471026525894071
16	0.010338636860676086
15	0.010316728624313548
2562	0.009990700277201546
575	0.009700948861788319
592	0.009564397116542596
77	0.009483025421706714
1285	0.00942163416074783
1793	0.009306054754118272
130	0.0092237019364042
939	0.009187165284979273
228	0.009124144893260574
1570	0.009069603922798269
650	0.008973719490980763
1545	0.008965254019513515
1104	0.008941330639611373
2176	0.008557801712796569
439	0.00853046857829795
1472	0.008441201549403412
1719	0.008413849164816647
2424	0.008395578408117296
2558	0.0083366028461803
690	0.008304694101071807
100	0.008274106884295602
559	0.008269110133248258
253	0.008232816512079535
1215	0.008216406771092779
541	0.008091618406043563
634	0.008042174101726942
356	0.007934926388555974
216	0.007917550642566145
493	0.007882771488806147
584	0.007862962158368056
319	0.0078074359842553
1733	0.007734738684013688
1329	0.0076787602889830464
697	0.0076692524233717
93	0.007654750254213506
35	0.0076132666575259335
1460	0.007605157394537822
178	0.0075892020969220595
1239	0.007588974683875311
548	0.007532467469437058
1638	0.007350935805811129
1714	0.007336246769295427
1080	0.007274603451938507
687	0.007256253359463084
1294	0.007242808929128277
2166	0.007112943805387173
2154	0.007063700967571334
1313	0.007045818365336135
760	0.007019518301761818
37	0.006967570586750577
2147	0.006964172466606746
1828	0.006947937461408448
1179	0.0069410463855308566
175	0.006932163346417535
641	0.006906717724125025
1593	0.006840307043970982
27	0.0067997154763670305
346	0.006751906525326506
416	0.006691041022027369
1177	0.006632677015800109
419	0.006607219044169906
563	0.006497812511276252
1336	0.006269630719630493
1716	0.006262614698116146
412	0.006243450242569823
1484	0.00620512266719172
1804	0.006137373841687926
2089	0.006091279942350816
194	0.006044649103724715
528	0.0060005684316331446
1933	0.005968109847848709
1387	0.005959711791356442
794	0.005886920369024877
741	0.005880954665931164
351	0.005854001120185555
625	0.005817414086187895
602	0.005790894580983567
520	0.005740924163549642
1976	0.0057130052051511775
988	0.00568297910316602
1270	0.005672982586216617
859	0.005672306689619152
1669	0.0056616439581698725
19	0.005633330457732544
2659	0.005602746184147258
1123	0.005593286178274298
1911	0.005499879118083777
1513	0.005469479737531635
1801	0.0054104525664257904
2084	0.005408222803052829
363	0.005408222803052829
44	0.005386203490935934
1007	0.0053734270528038265
1113	0.005352451588555658
561	0.0053513478108713035
1535	0.005332312195210866
1699	0.005328460762465218
1124	0.005315762158466296
2312	0.00528758824106376
1128	0.005270937198526154
323	0.005209341578811682
1130	0.005208923737853325
917	0.005199181955185393
2457	0.005169461542406816
189	0.005160302909832083
1485	0.00514382182936865
2500	0.005142094433654926
810	0.00512682146063378
2035	0.005094093201374566
583	0.005082532482202963
1018	0.0050394415771130635
1038	0.005024090889563322
424	0.005003025480577912
1776	0.004947837111201029
1286	0.004927552287038627
427	0.00489270975741979
1026	0.004890550858416265
2233	0.004840685124545789
450	0.00482625701166898
863	0.004795040771313009
681	0.0047908695261217014
997	0.0047829125300679716
1878	0.004769692899782932
1278	0.004742184144108292
2512	0.00473765559766623
2192	0.004734106178419478
89	0.004724965999895404
257	0.004698096397601886
503	0.004639222694853755
311	0.004626481496190811
633	0.0045941369416363925
2285	0.004589297950507029
415	0.004586114570789295
660	0.004510289343940931
1187	0.004482707266660607
252	0.004456844247053951
1673	0.004434402794871423
205	0.004399840777126937
1025	0.00437269294002071
788	0.004369725084444905
540	0.004346594041976492
1087	0.004336689058496168
2381	0.004336453214595221
2427	0.004327752869217306
1764	0.004305464483469419
1175	0.004294313200682137
360	0.004268610581591807
1540	0.0042414939987927905
1289	0.004231765197723372
2442	0.004230661755881317
980	0.004171375694954955
1644	0.0041659742668308936
442	0.004161676341359177
1334	0.0041274237425831355
473	0.004119660375320922
1016	0.004114537166908536
637	0.004107168853343891
1021	0.004081352214041342
2276	0.0040624468440338775
95	0.0040594434892866245
955	0.004050816272459749
539	0.004037043740137896
322	0.004014086254046792
2522	0.004005794956263519
2583	0.003988458432406343
72	0.003981198118227358
2123	0.003978065596673894
2197	0.003963162160429379
1735	0.003959124572219795
69	0.003938306012049776
1817	0.003925254939413524
819	0.0038939876692397546
987	0.00388639664307003
1354	0.003880706718718394
2455	0.00385579129298545
1253	0.003855758857434486
560	0.0038321927820026574
2361	0.0038234458998897317
1563	0.0038009630686754313
20	0.003763770213721648
601	0.003760287950828879
2587	0.00375099513421723
996	0.003745728945258683
2399	0.003731963687547343
1934	0.0037228056752146924
1028	0.0037147879433780976
1533	0.0037127436479727355
297	0.0037046082447815937
1000	0.0036799225916309434
88	0.003676765173803484
83	0.0036577001942277904
1118	0.00365118937720154
1892	0.0036384605391881052
522	0.003608806857950297
204	0.003599427951870833
202	0.003596375071391952
229	0.0035802279852997568
298	0.0035405347148608976
1785	0.00353403761410387
2221	0.0035333307382554953
1909	0.0035113160075685873
504	0.0034618299251805307
699	0.003423297181596748
1269	0.003415219574926189
76	0.003408135320411684
2342	0.0034016696658327656
55	0.00340079887093875
184	0.0033992086409880534
127	0.0033842347356542717
290	0.003366303166956073
588	0.0033544162745736475
2397	0.0033514174022307047
1374	0.003346485041678327
1583	0.0033425484177655477
108	0.0033190847207599755
1464	0.0033144669556796997
909	0.0033128403783474836
220	0.0032991488945311198
508	0.0032837937533991687
2216	0.003271604817338807
1261	0.0032485529994557274
208	0.003234633272484729
912	0.0032097764410057043
1053	0.0031825553888683374
1537	0.003174596624168077
849	0.003174444345998893
2575	0.0031527695772584283
407	0.00315002722292761
1162	0.0031473265667870762
572	0.0031472058046303946
689	0.0031379377309507326
400	0.0031295314031382936
53	0.003098240953493967
2207	0.003090542883030388
2364	0.0030793377819808964
2569	0.003077878221830341
398	0.003063811073196171
1602	0.003055433154425679
1150	0.0030505377971280214
1461	0.003050197805261195
1010	0.0030379212543273967
1628	0.0030349161983662673
289	0.0030193696846706
749	0.0030088163880068733
1117	0.0030083593968437496
128	0.003001703411276203
2295	0.0029800725940552944
58	0.0029753677825225377
1648	0.002948317650309488
2668	0.0029476580324459137
1112	0.002946419161821117
192	0.002938201363427794
1221	0.0029380305959194114
701	0.00293779778996073
2025	0.002933423113548179
1929	0.0029246617167769896
457	0.002907496089650512
1149	0.002902214830134657
63	0.0028976471912469885
2607	0.0028845627927093407
552	0.002876863346015477
1204	0.0028648069285329147
452	0.002862587028884443
1122	0.00282499128836833
2108	0.0028145492282112376
1938	0.0027895097463656944
2389	0.0027797453837782983
972	0.0027748542568704713
2330	0.002769210679575468
1402	0.002757925504401255
1635	0.002746139453918611
347	0.002737506484678509
1219	0.0027355558245235443
1516	0.0027180781709476606
2400	0.0027140481569984816
2165	0.0027103908001234896
2209	0.0027101181110209195
468	0.002709390025021586
2188	0.002709299014271669
1030	0.002708479917522418
1383	0.002708479917522418
904	0.002708479917522418
1283	0.002708206885272668
1282	0.0027058406057748332
1471	0.002698394441118144
1004	0.0026959206036481042
355	0.0026930088745338488
1633	0.002672389676721245
2045	0.0026648551228737713
1260	0.002643624629920498
984	0.0026413122294186232
1137	0.002640127394266115
668	0.0026312887752074307
1127	0.0026167150167468456
259	0.0026134940000191375
564	0.00261049579176748
1237	0.0026005198559372125
598	0.002584532194668246
394	0.002582607699006725
2163	0.002581339608552388
2541	0.0025543300705448513
2183	0.0025472695294012433
1429	0.002534800930302973
490	0.0025342547649474276
1235	0.0025307793252800554
304	0.0025304554450957303
2443	0.00252332405399938
1005	0.0025205213031454306
1757	0.0025178685411727073
2544	0.002512451108096028
1115	0.002498434734491796
956	0.00249449924587742
1339	0.0024938123728976977
2303	0.002491874129945249
2260	0.002483833337273536
2506	0.0024753637976069414
886	0.002468992885293539
898	0.0024561515914649714
2391	0.002452774442467269
1890	0.002436435040057333
403	0.002429835146308841
1641	0.0024174172307656976
2601	0.0024136797506359043
2428	0.0024087599043142722
1288	0.0024083376873795365
644	0.002406948785712974
1173	0.0023948428283768683
1560	0.0023777564431276847
97	0.0023657682863394095
1031	0.0023544647059813286
1596	0.0023530117275145173
408	0.0023484057333627464
1276	0.002335623739880029
2586	0.0023332333875715943
2538	0.00231345365468952
206	0.002312457337118405
1614	0.0023091456625695755
925	0.002304031579984959
324	0.0023015612216913065
2170	0.0022891513062511673
2079	0.0022870626222387513
1268	0.00228368068608764
2561	0.002281936006381241
1379	0.0022721468988549
1925	0.0022627610116645854
715	0.002262391575101554
384	0.0022563901588759385
23	0.0022472188423596365
2041	0.0022380658038918364
307	0.002228876486374034
1503	0.0022054336503729245
1033	0.002204157882109903
702	0.0021972922273995957
245	0.0021910239086396187
2311	0.0021888428416023645
905	0.002185158727933926
29	0.0021845654543159025
392	0.002183933947315039
1271	0.0021725899328583456
573	0.002171916158078645
113	0.002171916158078645
1020	0.0021709844168803028
2576	0.0021701601098050374
1465	0.0021664438898384504
1855	0.0021590039806816284
2605	0.0021551850389183876
139	0.0021534299192722327
616	0.0021450396562590983
868	0.0021325370033347716
2421	0.0021314616726778196
381	0.0021308552199932984
696	0.0021301321121236167
1148	0.002128739542046407
390	0.0021277871769392145
1216	0.002124630193755918
314	0.0021186491557929027
1607	0.002102117950000354
1622	0.0020988020150376433
300	0.002097733293409818
1390	0.0020934926151488934
521	0.002089508191431832
771	0.0020829802297973915
1065	0.0020779822935482134
509	0.00207684821933604
1257	0.002075128258722115
1521	0.0020654128580375594
2471	0.0020426566851337374
1306	0.0020417286700018813
1199	0.0020406420583229078
49	0.0020342267767641913
1314	0.0020329981316403152
1492	0.0020329981316403152
2308	0.0020327250993905648
153	0.0020321790348910643
1718	0.0020321790348910643
1331	0.0020321790348910643
1091	0.0020321790348910643
1052	0.0020321790348910643
2488	0.0020168644162384406
463	0.0020150668990333897
2584	0.0020090445755536666
1340	0.002008741982865483
976	0.0020021798194679264
1955	0.0019983244490936027
1748	0.001997992598891906
278	0.001989311599787045
1341	0.0019888521638483244
799	0.0019717676031159115
624	0.0019673938925392027
1138	0.0019671880018581694
32	0.001960063473485079
709	0.001960063473485079
737	0.001960063473485079
1048	0.0019553058428282066
551	0.001949493301006183
1541	0.0019486799977961853
1791	0.0019431383037090606
1932	0.0019398643481002562
1190	0.001939798463877659
669	0.0019337177505100618
376	0.0019331416231435355
305	0.0019293895050635816
666	0.0019170304344069485
2031	0.0019068384199927373
747	0.001905728192901671
662	0.0019049315472398744
1160	0.0019046288929665373
832	0.001889250091865424
1796	0.001888451863504882
2022	0.0018874486290661986
1074	0.001887298247175693
729	0.0018822945491351348
296	0.0018808163864163115
2493	0.001874568236655784
1500	0.0018611149547444236
1324	0.0018602715875132181
676	0.0018556567770759383
1532	0.0018395137145996196
1462	0.0018375836036892662
1192	0.0018312549251259045
966	0.0018243082491096803
235	0.0018164064642458915
1729	0.0018150989785224694
96	0.0018142061779169631
1154	0.001810449934124835
1062	0.0018046158350335333
512	0.0018041573890638732
550	0.0017908705354928152
237	0.001790234494563473
2466	0.001787131469051318
207	0.0017852317796970686
1054	0.001777485437255507
358	0.0017758174164865896
1299	0.001774356157485093
349	0.00177089914778902
2090	0.00175296659326794
672	0.0017527810568585631
1603	0.0017521016444785866
1092	0.0017513515818327065
315	0.0017498620646659406
2172	0.0017480203802975555
402	0.001744420054474954
1494	0.0017432604233107397
2578	0.0017420242365656904
1198	0.0017410026478685992
1238	0.0017327591237236233
161	0.0017291131295280352
903	0.0017187618200005426
401	0.0017090772884818133
2246	0.0017006145529309118
967	0.001700265091052633
1690	0.0016914333043649566
2697	0.0016905609870280823
992	0.0016894834627075553
1697	0.0016807366772738329
484	0.0016769399119741148
726	0.001670388979477258
753	0.001669271391227427
608	0.0016691582604464548
2625	0.0016659912576946529
571	0.0016550957505869644
469	0.0016547277091477893
1106	0.0016547108031926003
1274	0.001651880527402963
1612	0.0016483521820987825
2661	0.0016461850406257997
1991	0.0016399918747781923
1643	0.0016294752511626864
1935	0.001627419646558811
732	0.0016256013109067088
2179	0.001624190618440957
1575	0.001618941263087744
103	0.0016185171551802201
589	0.0016120041992393837
187	0.0016119359411769462
700	0.0016119359411769462
628	0.0016051007112501345
502	0.001599306782825797
1164	0.0015931075827495913
688	0.0015807607679261843
2320	0.0015790436185228961
261	0.0015764597997063633
1826	0.0015715911143062934
1783	0.0015711779800634722
443	0.0015652359873414773
950	0.001563891712039563
209	0.0015607903436133616
387	0.0015512396264079364
1861	0.0015506748965373168
1126	0.0015478538786396785
739	0.0015438936484535185
901	0.001541574619121746
1328	0.0015358732586381125
2258	0.001531719118707971
800	0.0015276468629930806
2201	0.0015206363691080771
1058	0.0015139330874477206
1636	0.0015134947693606789
1316	0.0015116364033463277
2203	0.0015108607657358499
485	0.001508856899952657
1685	0.001508470380309792
2058	0.0015034878709067894
1015	0.001501095421982255
1178	0.0014989803141133328
562	0.001498600243219561
1642	0.0014955088989511967
31	0.001490667211666652
971	0.0014904585640547184
900	0.001490358230590266
1242	0.0014866372963986381
22	0.0014825558668844791
822	0.001480666156905255
291	0.0014792235789253146
203	0.0014783921862699216
1987	0.0014764457138658055
1896	0.0014755523358878644
617	0.0014611113466561087
1430	0.0014541851989004683
907	0.0014518052585370284
536	0.001449317184079271
1839	0.0014461520221282081
1569	0.0014409062220063838
2430	0.0014403042334093106
118	0.0014392283252212968
169	0.0014377903440903447
579	0.0014211681876404518
1561	0.0014202643456960005
2454	0.001414571358596954
383	0.0014125652074375346
635	0.0014087140685074574
466	0.0014049172604278719
555	0.001404183091859908
219	0.0014026828587898961
1592	0.0013959000336774608
71	0.0013954709838738394
1486	0.0013909563808352937
1574	0.0013881801919195518
824	0.0013858136697107403
1319	0.0013858136697107403
1548	0.0013858136697107403
866	0.001384397884961798
1184	0.0013746952246633754
2307	0.0013687161238444055
1601	0.0013657527183723408
1524	0.0013654027939185175
1707	0.0013651027418405581
147	0.001361667233236348
1142	0.0013598259476185783
10	0.0013595180568061248
2613	0.00135848105970733
2339	0.0013574089065400067
465	0.001356151184509461
39	0.001356134932589833
2322	0.0013556051200099605
2008	0.0013556051200099603
1384	0.0013556051200099603
1168	0.0013556051200099603
448	0.0013553320877602102
40	0.00135533208776021
1039	0.00135533208776021
2000	0.00135533208776021
2384	0.00135533208776021
80	0.00135533208776021
1266	0.00135533208776021
1024	0.00135533208776021
953	0.00135533208776021
2321	0.00135533208776021
2460	0.00135533208776021
2577	0.00135533208776021
1140	0.0013546473454516365
1353	0.0013510800924873086
90	0.0013490154804473374
1141	0.0013480218223727153
947	0.0013465204881448712
899	0.0013395201989090265
1323	0.001339293127031306
1400	0.0013367210513383712
1406	0.0013367210513383712
420	0.001333760534104548
913	0.001326847570699075
586	0.0013217493313670136
2438	0.0013188649374383675
1713	0.0013167422166929005
255	0.0012997483414949104
613	0.001298747670953657
1758	0.0012933085991888244
1330	0.0012925150365612004
182	0.0012916876898311958
1498	0.001288586411056116
2335	0.0012817607437097327
441	0.0012753001667828406
243	0.0012744354508662373
924	0.0012734230012168086
2226	0.0012702303812281322
894	0.0012696763525898885
595	0.0012658972622249154
935	0.0012623978071803232
421	0.0012551714344870438
1059	0.001234129770646766
1565	0.0012241188732834956
1344	0.001222730208570892
2591	0.0012156956401413064
1578	0.001215435631541261
568	0.0012117082046794636
2326	0.0012072947442815663
1594	0.0012067085301086505
2337	0.001206358303542025
56	0.0012034648122171562
2684	0.0012009837309388146
764	0.0011993778752248802
2231	0.0011990824488823618
1679	0.0011899056321785786
1725	0.001185060981168024
377	0.0011791662665721755
1051	0.0011785262912476376
961	0.001177009395224286
1415	0.0011620299178152526
1438	0.0011614942754148796
2347	0.0011603479158464164
2608	0.0011600522332135049
372	0.0011593282206967227
1469	0.0011577531042522228
1432	0.0011557582245551733
30	0.00115064517385047
1981	0.0011402633255662524
2667	0.001139687748524525
1534	0.0011391780357079952
2509	0.001138828950120249
1443	0.001132106110142266
2060	0.0011280135761415286
24	0.001124883255997978
2343	0.001123975099561046
1364	0.001123524903131031
430	0.0011129134100320045
2328	0.0011086155457788376
244	0.0011053888639816262
758	0.0011043153429547861
1394	0.0011036790124093231
125	0.001098425089149249
2344	0.0010958774316958781
160	0.0010934485269448885
1953	0.0010934120164536874
515	0.0010927067565082765
1326	0.0010839896505739108
1662	0.001082746474768266
1063	0.0010824482898007521
451	0.0010804767055205445
1066	0.0010772030298076083
581	0.0010716599218269505
144	0.0010692122072279433
604	0.0010651641383472598
2627	0.0010619381558339277
1056	0.001061686790756885
59	0.0010610060647738716
537	0.001060829131482485
122	0.001058462335909416
2136	0.0010574001567488947
460	0.001054305649081702
1343	0.001051568975695324
2020	0.0010506632685226029
135	0.0010493349880214492
1936	0.0010430505633016647
404	0.0010417514532371568
491	0.0010400897504662073
1356	0.0010352361676435305
1227	0.0010350738506615706
848	0.0010345616868509201
2386	0.0010316784647578198
193	0.0010305334547034877
2451	0.0010275482741807054
2675	0.0010248196803411768
2409	0.0010241101977514608
1672	0.001023027143138734
1043	0.0010208350779769065
580	0.0010174843093854649
1549	0.0010166355819450326
1995	0.0010162260335704074
607	0.0010153801325503001
2581	0.0010136300604231781
154	0.0010120003987222433
1103	0.0010115589179563653
1502	0.001011174936950028
609	0.0010097812135824054
1882	0.0010093952902126716
774	0.0010068163687223628
1739	0.0010060562560961085
844	0.0010047436152576296
725	0.0010037648550757401
2278	0.0009972724783852147
2429	0.0009942894945384508
2244	0.0009932492922688134
1431	0.0009867886400912731
1554	0.0009861830293981346
2293	0.000985716987887501
2026	0.0009839254292700063
328	0.0009824255975206392
2681	0.0009814447055958113
713	0.0009797727630561754
329	0.0009780130495170008
2275	0.0009766126492381309
1571	0.0009732160472487485
1322	0.0009725490209790389
101	0.0009721247820665082
275	0.0009693815823566968
979	0.0009690886562834939
2382	0.0009685104816130718
1250	0.0009656076000081323
785	0.0009585336319650801
487	0.0009584124199921933
1555	0.000955845091837381
174	0.0009503510772540673
260	0.0009476297433257655
2571	0.0009451612071433517
1212	0.0009380097471279708
2291	0.0009376667201757084
693	0.0009372293722115977
525	0.0009370450393293079
1245	0.0009354664508408571
2141	0.0009344902143878942
1775	0.0009318855523891348
1876	0.0009302015418536234
1531	0.0009280167593220348
614	0.0009246228545472294
368	0.0009222272397707589
1501	0.0009218991730135951
1367	0.0009212314177142412
1972	0.0009207927345184509
692	0.0009199404860456545
1389	0.0009167980274246156
2468	0.0009166576175317081
1232	0.0009156707348608743
256	0.000913856604455064
1856	0.0009075909981650644
1229	0.0009007038538859858
889	0.0009005645321933134
1800	0.0008988443953549857
2514	0.0008971827115009841
1094	0.0008939973345727291
2481	0.0008884798850358922
930	0.0008880468141885334
1410	0.000887520882012235
2229	0.0008845896023690464
2687	0.0008838651291737499
1213	0.000879479874458123
1008	0.0008787961934697456
1865	0.0008776957217392983
646	0.0008776246085594706
827	0.0008729716130217597
2362	0.0008642462063947891
711	0.0008629684350361801
1423	0.0008595849114413905
2324	0.0008579008631897526
1816	0.0008549199511161234
1061	0.0008540912259027051
2557	0.0008523817214178435
2259	0.0008504146355743201
1075	0.0008497050077109939
369	0.0008479377334516646
744	0.000845193575891833
745	0.0008447612748297285
2476	0.000841659010465816
269	0.0008406489042386302
1627	0.0008398784779065823
2467	0.0008392733861767723
1448	0.0008376471486286929
1196	0.0008354439042705983
1920	0.0008353577458690309
1632	0.0008337413855156294
254	0.000831149050075445
1609	0.0008288246145503015
1812	0.000828053733349715
2062	0.0008231769570868847
1556	0.0008201246210087067
1293	0.0008184239898043043
2370	0.000817984892991166
1070	0.0008159712517985887
1858	0.0008154550668078758
2338	0.0008138886361890312
2214	0.0008115036102203723
475	0.0008113166593211945
61	0.0008091842308032086
2564	0.0008080866181021407
167	0.0008060134153583859
906	0.0008039424994660944
1657	0.0008023597433997253
2230	0.0008008103048317924
1147	0.0008002606088956102
2219	0.0007981420160273065
410	0.0007976772255782262
348	0.000796199722104787
2030	0.0007929018511215547
1581	0.0007902481764644588
336	0.0007887708948292817
64	0.0007876913752792471
717	0.0007802934327055517
1050	0.0007783289524611693
1072	0.0007783289524611693
2132	0.0007774465930653462
946	0.0007765280413848293
325	0.0007736752459638354
1205	0.0007695112545512727
190	0.000768759405038387
1457	0.0007661269196638787
2272	0.0007658984999169572
2474	0.0007646592043739134
2234	0.0007618006850457102
2174	0.0007604010510044503
2205	0.0007604010510044503
1970	0.0007549099169355721
2168	0.000753377924272558
2355	0.0007531156237676552
51	0.0007504427430059576
1096	0.0007500771847630458
818	0.0007454322615497976
1646	0.0007437741718782429
1684	0.0007427624598671354
2426	0.0007425949144865264
2431	0.0007425507955869836
1310	0.0007419387743689432
344	0.0007411776057671079
2703	0.0007392494459202753
157	0.0007392141986833828
145	0.0007336894454444667
1825	0.000733373298831509
406	0.0007313749976928507
1037	0.0007313216222614137
762	0.0007304378693695074
1846	0.0007302562488660475
1095	0.0007296768864236706
2148	0.0007268836514664964
21	0.000726005740042548
1480	0.0007249186631664354
1740	0.000723364283076592
1915	0.0007228016810228994
549	0.0007192088239305925
99	0.0007183796993071218
417	0.0007182551544374915
1693	0.0007179271937462782
498	0.0007173405174183929
210	0.0007158840331815457
500	0.0007131430152223103
486	0.0007113334339862123
719	0.0007065133416072494
802	0.0007055328980811123
1898	0.0007029139529268806
1249	0.0007019689888181764
782	0.0007002390060774314
807	0.0006992355706383117
1658	0.0006989437323974164
2100	0.0006987223189870171
146	0.0006981839737943539
538	0.0006980978066534242
2708	0.0006960027398975888
1572	0.0006933197907086647
506	0.0006921460934241322
880	0.0006897566705732002
1914	0.0006897125084234421
1064	0.0006893269171280041
1256	0.0006888614692804699
932	0.0006886589505315625
2678	0.0006844883934329686
1297	0.000684043897131409
354	0.000683728157106491
495	0.000683728157106491
527	0.000683728157106491
611	0.000683728157106491
963	0.0006833292615477106
440	0.0006822347835259259
1300	0.0006811375319521647
173	0.0006806870147303622
2707	0.0006803627790770432
642	0.000679990122586035
271	0.0006798457513406111
2565	0.0006793269900660856
1620	0.0006793224395285898
730	0.0006790539578163356
630	0.0006789401943789393
277	0.0006785989040667518
1908	0.000678121097629689
2302	0.0006780755922547305
2597	0.0006780755922547304
1660	0.0006780619406422428
2546	0.000678030086879772
1819	0.000678030086879772
2182	0.000678030086879772
1121	0.0006779390761298556
2269	0.0006779390761298556
631	0.0006779390761298554
171	0.0006779390761298553
28	0.0006779390761298553
680	0.0006779390761298553
25	0.0006779390761298553
534	0.0006779390761298553
1906	0.0006779390761298553
2567	0.0006779390761298553
2158	0.0006779390761298553
172	0.0006779390761298553
885	0.0006779390761298553
2401	0.0006779390761298553
554	0.0006779390761298553
238	0.0006779390761298553
1808	0.0006779390761298553
1944	0.0006779390761298553
2117	0.0006779390761298553
2178	0.0006779390761298553
488	0.0006779390761298553
2448	0.0006779390761298553
294	0.0006779390761298553
2413	0.0006779390761298553
2034	0.0006779390761298553
510	0.0006779390761298553
1454	0.0006779390761298553
1530	0.0006779390761298553
1756	0.0006779390761298553
2353	0.0006779390761298553
1809	0.0006779390761298553
2046	0.0006779390761298553
643	0.0006779390761298553
1827	0.0006779390761298553
796	0.0006779390761298553
879	0.0006779390761298553
918	0.0006779390761298553
1442	0.0006779390761298553
2484	0.0006779390761298553
1197	0.0006779390761298553
916	0.0006779390761298553
2273	0.0006779390761298553
1105	0.0006779390761298553
1272	0.0006779390761298553
1386	0.0006779390761298553
1422	0.0006779390761298553
1209	0.0006779390761298553
1358	0.0006779390761298553
1566	0.0006779390761298553
1661	0.0006779390761298553
1821	0.0006779390761298553
1854	0.0006779390761298553
1947	0.0006779390761298553
2690	0.0006779390761298553
2346	0.0006779390761298553
2112	0.0006779390761298553
1810	0.0006779390761298553
2616	0.0006779390761298553
2114	0.0006779390761298553
2193	0.0006779390761298553
2208	0.0006779390761298553
2304	0.0006779390761298553
2305	0.0006779390761298553
1773	0.0006779390761298553
2368	0.0006779390761298553
2487	0.0006779390761298553
2598	0.0006779390761298553
2635	0.0006779390761298553
2679	0.0006779390761298553
2014	0.0006779390761298551
338	0.0006779390761298551
1767	0.0006779390761298551
2313	0.0006779390761298551
2271	0.0006779390761298551
1926	0.0006779390761298551
1902	0.0006766649256310208
1698	0.0006756244621337202
2124	0.0006744437234590485
651	0.0006719643740842545
149	0.0006681261799981113
1777	0.0006649186764733614
2606	0.0006645173036213028
1338	0.0006638292755273361
435	0.0006635433003150726
1820	0.0006612320797373044
632	0.0006564310496486263
1895	0.0006546925170153727
2652	0.0006518537298231006
2040	0.0006514633628399055
1529	0.000649359711928294
2096	0.0006482726816534611
2094	0.0006474624308000239
1254	0.000643179068550413
2199	0.0006365136120155307
576	0.0006329670696291177
14	0.0006321447782281816
94	0.0006295196820967823
1650	0.0006291147270382673
1965	0.0006279336738517665
1986	0.0006271133912831604
231	0.0006268109321159828
2618	0.0006238491647654858
1585	0.000623049579469496
811	0.0006228578521414133
446	0.0006215927251398892
815	0.0006173260432662169
1304	0.0006155078258930633
2013	0.0006141886970771535
2590	0.0006123514867747953
991	0.0006110386799378312
225	0.0006085381567905318
731	0.0006085358538728904
483	0.0006082985643102217
1637	0.0006079818427582886
1182	0.0006078224091056993
684	0.0006033152142456677
1960	0.0006016196366989823
2612	0.0005994589454904793
1102	0.0005976945674875278
2077	0.0005960816210004296
1553	0.000595928182564482
1814	0.0005957852752872503
2063	0.0005907993150723934
1922	0.0005906276989619558
211	0.0005891026181331269
109	0.0005886629446400589
17	0.0005862690450625003
2373	0.0005859071893097641
986	0.0005813655481600088
1761	0.000579072633085996
2486	0.0005775927124764707
823	0.0005714270650082311
1860	0.0005693655715150105
212	0.0005673737117047898
837	0.0005654427497799598
1577	0.0005654427497799598
1279	0.0005650232751522931
1651	0.0005636283604867874
1327	0.0005634711197850446
872	0.0005627664227080826
2515	0.0005575528230777428
2542	0.0005570130207337273
2083	0.0005511761538211171
1794	0.0005511761538211171
1405	0.0005500889137740233
333	0.0005484465766875947
2138	0.0005482412541953813
1623	0.0005478400266930361
789	0.0005472245980730777
2092	0.0005459853292888336
2677	0.0005448821067009764
2580	0.0005447387274693643
79	0.0005441023986245951
1515	0.0005440694288989112
565	0.0005405420127701995
1032	0.0005403968541360911
102	0.0005369596791583979
1226	0.0005359379946578723
2475	0.0005359115825701618
964	0.0005334717530274905
60	0.0005326106212733537
2156	0.0005316860048295863
775	0.0005315641669641496
1870	0.0005304927904568298
239	0.0005292754650425368
2676	0.0005274039834647456
706	0.0005266580970882906
1522	0.000525723029782479
1258	0.0005224997588764774
1742	0.0005220241853311136
1463	0.0005203009903774731
2018	0.0005197105505268162
516	0.0005186753050129149
1195	0.0005166863523021271
180	0.0005152891570764966
2572	0.000512140004082802
1001	0.0005111971981745649
2530	0.0005111800616440491
1894	0.0005109845915946869
472	0.0005100975273669034
2619	0.0005080785821779783
1664	0.0005067643736919993
1357	0.0005065737874584747
2317	0.0005060647690145519
2078	0.0005059965109521144
2660	0.0005059965109521144
1155	0.0005046733872913278
501	0.0005029892756304381
1582	0.0004988669230156458
2055	0.0004986903556778219
1481	0.0004964919605310687
2651	0.0004948514025269374
1069	0.0004925329974977877
883	0.000488602681779231
820	0.00048587957776242166
1879	0.00048228773488798664
606	0.0004817562097099278
1619	0.0004806251080212461
2277	0.0004764953941240184
2127	0.0004745925647798336
526	0.0004725566456893915
1899	0.0004723163214700336
1547	0.0004707369758072023
340	0.00046765979838594437
2552	0.0004676025748564687
1193	0.0004670703928133562
2416	0.00046689783220990795
34	0.00046588863710849185
704	0.000462320092857412
120	0.0004609297058435673
2511	0.0004609043354480074
1969	0.00046046784893122116
312	0.00045948312707637525
834	0.0004574575027820314
556	0.0004560997588760371
2050	0.0004543111084682538
2075	0.00045240336334600615
2028	0.0004518603762812311
2673	0.0004518603762812311
361	0.0004459326561838399
265	0.0004446483788838867
723	0.0004446483788838867
2452	0.00044372622735312165
65	0.0004400807696474246
264	0.0004385329456801624
1099	0.0004371759351933318
640	0.0004347661003922589
2507	0.000430458280000222
2696	0.00042975578375731955
1470	0.00042975331849058303
1129	0.0004297288440225825
814	0.0004275251983957827
2420	0.0004267420098331358
603	0.00042653607263398074
1139	0.00042629262651334033
1359	0.0004254932098782067
2173	0.00042441990160466705
165	0.00042088005432206534
2432	0.0004197892357013037
2301	0.00041903472122568067
2240	0.0004089931003135609
1446	0.00040742184830701793
1371	0.0004067247421510203
2505	0.00040277607599143865
1488	0.00040151838846303205
1200	0.00040119555537962214
1905	0.000399870890409306
2496	0.00039773632305577054
1224	0.0003966847064180833
835	0.0003957916606484472
1618	0.0003933265506046456
657	0.0003909601609694466
804	0.00038948251699234734
1702	0.0003888334335289281
821	0.00038227989414588387
511	0.00037834061652003474
665	0.0003768060871620136
2292	0.0003736741693447741
638	0.00037262312441410373
1797	0.0003713135212023659
813	0.00036910832981170615
1598	0.0003667371039054571
26	0.00036590741552231686
2620	0.0003658030754974548
54	0.0003650269730902229
1267	0.00036437236053961077
215	0.0003631645118253355
1029	0.0003630428350057205
2367	0.0003628409522478721
1210	0.00036270384839662034
1703	0.000361951896467899
543	0.0003614637797444289
830	0.00036094420524719454
57	0.00036024100821024755
2282	0.00035831627538856375
2139	0.00035817272990415857
2067	0.00035692292135164837
742	0.00035610794829067156
2038	0.0003555433114136889
382	0.0003529287264121121
1408	0.0003494388756036723
397	0.0003475993645516336
845	0.00034570867475273493
1307	0.0003438971124974417
840	0.0003437124960695495
2689	0.00034301573417129153
2706	0.00034301573417129153
767	0.0003426534465806659
104	0.00034205499480684573
854	0.000341165991103665
1255	0.0003406149621598531
2091	0.0003405049928595
1996	0.00033974312943921997
152	0.00033919671189214695
1211	0.00033910605418980275
2204	0.00033896953806492763
2406	0.00033896953806492763
1784	0.0003388330219400525
2683	0.0003388330219400525
910	0.0003388330219400525
828	0.0003388330219400525
1847	0.0003388330219400525
1928	0.0003388330219400525
870	0.0003386965058151774
1666	0.00033855998969030225
1852	0.0003378774090659267
2054	0.0003376220155822863
1723	0.00033719482844155106
1802	0.00033644551283206435
1302	0.0003364105358354601
213	0.00033478204968212066
1490	0.00033192795306025277
853	0.00033074799769246916
765	0.0003299071014923794
1573	0.0003288747176697674
46	0.00032591080665220505
1265	0.000325319207349818
155	0.0003236096142061976
2663	0.00031863256604083037
1538	0.0003181995207385607
258	0.00031734942445354835
1378	0.0003159381384598486
86	0.0003139232740188269
1779	0.0003103600859287851
2200	0.0003102649036577101
156	0.00031005490775450637
1156	0.00030988538195166727
1045	0.00030873973556823174
2319	0.0003076700520136124
2503	0.0003068324889295291
1832	0.00030556418391124054
805	0.0003052382516633947
1151	0.0003049963710056166
1487	0.00030486155532745543
2238	0.00030284164876220117
1608	0.0003024688298898902
111	0.000301419146462493
902	0.0003009215586802201
191	0.00029959845960981374
2043	0.0002989680644867422
1871	0.0002984445014960126
1536	0.0002968641156065022
1011	0.00029654626210927083
1863	0.0002962655847573476
2310	0.00029175600291678807
983	0.00029056790046610347
248	0.0002894592290210235
1222	0.0002887987429634592
2125	0.0002886380862541088
2654	0.0002872478879941541
263	0.00028721562673555913
557	0.00028212811810408254
1586	0.00028162933900068964
862	0.0002805409024046181
977	0.00027919830298307036
1525	0.0002788520167078636
2318	0.0002782099532164913
1246	0.00027694327307097326
1831	0.0002745674455529193
1131	0.00027338351367769764
877	0.0002699673660881518
218	0.00026939890452889727
1419	0.0002692370497970622
2592	0.0002676242267794816
2375	0.00026698827461722584
2029	0.0002664114125560252
2327	0.00026511044691843297
2180	0.0002648196792665667
2306	0.0002648196792665667
464	0.00026460939059754694
864	0.0002642578858172199
1081	0.0002630277560534686
518	0.00025959488739280565
371	0.000259257884232116
221	0.0002582909784807187
2081	0.0002562077156938375
1924	0.0002545738655395007
1720	0.0002542722840953178
84	0.0002539486168677756
1910	0.0002530570826448373
1421	0.00025290583082239053
1514	0.0002521560807218127
7	0.00025195715323119447
2266	0.00024963821825268643
1349	0.0002469201896350498
825	0.0002420698761767762
927	0.00024199396183296727
2334	0.0002415894470488145
1591	0.0002413111985744358
1579	0.00024114444257679243
1363	0.0002409708449194359
293	0.00024018721948582648
123	0.00023778587322639477
876	0.00023752536123771402
467	0.00023727080735596673
1631	0.0002366075402271034
134	0.0002354568175230324
121	0.0002350644522270831
497	0.00023422114357960248
809	0.00023417999322969683
432	0.00023336143922585666
1868	0.00023310935008665214
1174	0.00023193269639131998
1144	0.00023060669137521953
619	0.00022842962653728507
772	0.00022659532391303722
1413	0.0002262464546115626
2458	0.00022553324336916207
2610	0.0002250391309767457
1136	0.00022454739813773517
2483	0.0002231982015125181
622	0.00022250240671559132
1207	0.00022231839643511303
683	0.00022111202876218394
1231	0.00021948557288495757
1373	0.00021778888478217654
1680	0.00021708945496131906
920	0.00021693129651301782
81	0.00021661140879422863
249	0.0002165505009501368
1185	0.0002154180480836495
2228	0.00021487799025027266
1067	0.00021332347973569086
1873	0.0002127320608002881
1888	0.00021265690801889014
2159	0.00021208800133687482
2560	0.00021172310602054817
1264	0.00021115267066294547
1183	0.0002110966624826031
1689	0.00021107937516369436
1727	0.00021096611368278282
1369	0.00020901333723166062
285	0.00020729280612560136
2374	0.00020703354730028834
1963	0.0002065716844840473
411	0.0002045718248785875
2152	0.00020446519261305894
3	0.00020347484685227286
1202	0.00020326731639593252
2336	0.00020304800002411637
234	0.00020165818524710882
1807	0.00019767631125519443
142	0.0001974246533189706
1558	0.0001966668607614216
941	0.00019659884223546662
923	0.0001962027239321406
1864	0.00019414990225997286
754	0.00019309951100738575
1717	0.00019287126298760378
73	0.00019116543459446968
585	0.0001908625614979982
395	0.00018991515281386445
2325	0.00018971539351721317
733	0.00018913789274329512
1913	0.00018814842325548263
6	0.00018757513471572162
143	0.0001863991881964257
1700	0.00018546741672668306
1476	0.00018405009388192998
792	0.00018338765493635694
45	0.00018287673863352715
117	0.00018287673863352715
226	0.00018287673863352715
761	0.00018287673863352715
262	0.0001820694757717213
2510	0.0001820302973234976
2414	0.00018064909880066766
2415	0.00018064909880066766
519	0.0001791640612107967
92	0.0001739462248045598
459	0.0001739462248045598
47	0.0001737977731716577
2331	0.00017340129621767997
2379	0.00017280963730727597
1337	0.00017131544054605998
727	0.00017123104300134604
230	0.0001706694078350421
627	0.0001699401321062777
455	0.00016810271872793255
1887	0.0001677597528957946
1885	0.0001677597528957946
1886	0.0001677597528957946
2657	0.0001675248059667799
445	0.00016696228433927786
962	0.0001663621035223313
1479	0.00016521500750372642
2643	0.00016398143720751339
2061	0.00016327391533843688
931	0.0001630597457341726
201	0.0001617303451685312
136	0.00016145527626472412
1706	0.00015776204117756156
2480	0.00015650642333560558
1880	0.00015594577898127816
2693	0.00015559459981114455
282	0.0001555231107139615
523	0.00015347249850273373
779	0.00015233744405741023
542	0.0001518759854851804
2283	0.00015171464931409097
1170	0.0001507231857800987
691	0.00014978848652106384
1077	0.0001472206777686069
1079	0.0001472206777686069
1829	0.00014679109855467214
2559	0.00014618801144164486
2288	0.00014525325840127482
2316	0.00014395264584622126
714	0.00014305141279998885
1665	0.0001423211881060845
2129	0.0001422038166401696
1889	0.00014196543522114008
513	0.0001396407673236058
2016	0.0001390266590110447
2664	0.00013827848092404303
2594	0.00013819645424020918
2462	0.00013760860374789844
1035	0.00013701397987029722
2411	0.00013695632153995767
1093	0.00013689432299550988
1523	0.00013689432299550988
1686	0.00013634327618099285
1792	0.00013618332072203837
569	0.00013446397637778212
2630	0.00013308388721968708
1912	0.00013259924607550956
2198	0.00013247744126899008
1567	0.0001322854329171527
1125	0.0001322854329171527
1597	0.00013213458643908816
2140	0.00013148320611310418
1941	0.00013051151253656415
1321	0.0001303041500905
2053	0.00012906717231178405
1365	0.00012865921526012967
1214	0.00012821460055197778
2394	0.0001276217956485972
605	0.0001276164551304059
2531	0.00012647571091374662
893	0.00012573791585890464
1233	0.0001237753345198677
2463	0.00012318315176203294
2109	0.0001226676304898492
1958	0.00012266424791387633
2550	0.00012094855183774906
1975	0.00011997309365987272
2073	0.00011997309365987272
2181	0.00011863383293852282
52	0.00011828285137740293
2499	0.00011723024140642144
878	0.00011604011039775914
929	0.00011603724595838284
2435	0.00011583575969207282
386	0.00011565784479629652
2151	0.00011494728744896881
1544	0.00011421586971092477
1236	0.00011314603500034151
2444	0.00011140145801633169
1284	0.00011034226256863763
1980	0.00011020863516057047
2540	0.00010876168068223963
320	0.00010821779114771152
770	0.00010610925157796257
1110	0.00010585696547800586
138	0.00010554867697612335
776	0.00010546334052765886
957	0.00010451158523947518
272	0.00010399642089387525
594	0.0001038148819698495
1017	0.0001031432606919498
2286	0.00010304175736196785
2224	0.000102931049321029
1900	0.0001019976222807418
1191	0.00010185735181501608
1223	0.00010185735181501608
332	0.00010174446915607252
2093	0.00010034036625500478
750	9.969270322714062e-05
1352	9.813189141024721e-05
246	9.748611096064893e-05
267	9.740898040671942e-05
2177	9.730882809414786e-05
1711	9.569085399522968e-05
928	9.4837796521029e-05
2439	9.44857639097347e-05
2533	9.3833525009444e-05
1687	9.370384933823614e-05
131	9.341131676092839e-05
2365	9.31236575535348e-05
677	9.301531386636782e-05
477	9.28787977414927e-05
944	9.167746424045216e-05
829	9.104025365308306e-05
1738	9.052454781401376e-05
2418	8.927771387835563e-05
2563	8.835447480680668e-05
2243	8.608116051510493e-05
2047	8.601066989669538e-05
453	8.583756014067261e-05
1755	8.5192128415402e-05
645	8.508364385144304e-05
786	8.500261394518664e-05
847	8.42388270485552e-05
1111	8.398698990101641e-05
1409	8.304302674376749e-05
1225	8.279942905507958e-05
938	8.036768361293668e-05
1188	8.036768361293668e-05
168	7.972875160680211e-05
838	7.91756292036934e-05
1813	7.813988308841051e-05
334	7.792233869932616e-05
240	7.707115834305414e-05
2340	7.671937528395594e-05
728	7.620653994292427e-05
2595	7.579614965974016e-05
1027	7.55735903234524e-05
2057	7.48760909169795e-05
857	7.46474950094253e-05
1071	7.46474950094253e-05
1206	7.46474950094253e-05
738	7.428630721298526e-05
682	7.428215170000765e-05
268	7.36318486834039e-05
309	7.335930660299394e-05
2128	7.280212295556866e-05
999	7.087364966262155e-05
2253	7.077699831004531e-05
2456	7.048490667213082e-05
531	6.98361451791335e-05
855	6.974166152771299e-05
582	6.831128289040554e-05
306	6.762454669630855e-05
1730	6.703714330365135e-05
198	6.58915898152485e-05
489	6.570565267361362e-05
1426	6.520468733435273e-05
1420	6.520468733435273e-05
1428	6.520468733435273e-05
2280	6.466405147786432e-05
286	6.432876025087701e-05
1584	6.389807689158177e-05
2015	6.342748641065268e-05
2019	6.342748641065268e-05
1308	6.310974064109673e-05
1424	6.27356981783364e-05
2372	6.237940605456715e-05
806	6.208765117802086e-05
126	6.097164532423722e-05
2490	6.01933101675539e-05
2351	5.928687851079344e-05
842	5.901263884721787e-05
743	5.865009588261186e-05
965	5.827408511068782e-05
279	5.783857228419712e-05
833	5.781021023812714e-05
952	5.759008309022229e-05
1600	5.590511450259419e-05
1047	5.5613427488645405e-05
1966	5.462884806558708e-05
2665	5.410518193683044e-05
736	5.376460051331884e-05
2705	5.341290224563344e-05
2358	5.2964550503886904e-05
1527	5.2777877145095164e-05
875	5.277137637724397e-05
1201	5.2662045281564764e-05
1259	5.2662045281564764e-05
2536	5.190015870160311e-05
1736	5.126910102294508e-05
1749	5.124024793025464e-05
2087	5.055265259694241e-05
2671	4.971980464292976e-05
119	4.9237303384525025e-05
861	4.627911579659238e-05
1166	4.620074872591586e-05
2162	4.569045289783563e-05
470	4.5603605949399236e-05
1509	4.486539353716912e-05
2247	4.4751609204819416e-05
2473	4.416486539547169e-05
890	4.39700435437571e-05
2262	4.339611478268296e-05
2450	4.337120324628908e-05
1974	4.2807599603764506e-05
2447	4.2807599603764506e-05
481	4.268606718950207e-05
975	4.267540469068224e-05
1482	4.236688136515598e-05
1674	4.236688136515598e-05
1439	4.2237345036593036e-05
1165	4.217905935855916e-05
1433	4.200202295206324e-05
1345	4.1927109280682045e-05
1346	4.1163033323639237e-05
791	4.113676359101441e-05
1511	4.113676359101441e-05
2599	4.0287236183233855e-05
1903	3.963528407492431e-05
756	3.939393425599077e-05
1085	3.870261956120058e-05
1782	3.821900087860197e-05
1108	3.8142122765937215e-05
982	3.693594303918871e-05
1918	3.6765230854932065e-05
1158	3.650498766791141e-05
658	3.5697126877342034e-05
2537	3.48659774048163e-05
2596	3.403614453916766e-05
2251	3.378932674159084e-05
1589	3.375272465630571e-05
2508	3.354946639601266e-05
474	3.3217721494376e-05
1377	3.2639817971591214e-05
301	3.2133499802283794e-05
1843	3.144748807783783e-05
1453	3.068595791154318e-05
1546	3.0391230942772963e-05
1506	2.906579720158062e-05
2333	2.9029808466280758e-05
4	2.74637048623821e-05
2254	2.712709246643483e-05
2348	2.6784543223841607e-05
599	2.675716047552389e-05
308	2.668890241308633e-05
2099	2.6192852969098567e-05
389	2.5210917038307383e-05
2477	2.5000242496517513e-05
1217	2.477326635979589e-05
2175	2.4709267808762993e-05
1983	2.3474170392918958e-05
461	2.3422378013038176e-05
163	2.3062671837482725e-05
1668	2.3002309702223035e-05
1704	2.3002309702223035e-05
393	2.2583667515055868e-05
784	2.231343976495779e-05
2059	2.1926742773541644e-05
790	2.156876520670059e-05
1833	2.12283179904289e-05
2682	2.106355897605443e-05
1120	2.0926532347307738e-05
1412	2.0926532347307738e-05
1119	2.0273750307893965e-05
2184	2.025020211922373e-05
1564	2.019453093956069e-05
1475	1.9952507469463767e-05
1312	1.9566666954855126e-05
1652	1.944708209040108e-05
1629	1.9279464649828568e-05
181	1.925963301841549e-05
2250	1.911029416216165e-05
2227	1.9005110069486042e-05
655	1.8916436059418967e-05
2408	1.829872648246986e-05
2648	1.7611819899593203e-05
1325	1.713093686871375e-05
664	1.699605694900813e-05
50	1.693080476008919e-05
223	1.693080476008919e-05
1493	1.6915539679466985e-05
2169	1.6148632795069564e-05
596	1.6056432622181534e-05
327	1.571530719090716e-05
2357	1.484302261416055e-05
2088	1.4641741754717848e-05
1788	1.462897338499477e-05
1691	1.4475894517302969e-05
1301	1.430156698181709e-05
2525	1.4038469993863642e-05
1731	1.3896208229232987e-05
2153	1.3704859270590753e-05
87	1.319655873792845e-05
2691	1.2827301532731078e-05
1381	1.2812363357922749e-05
1262	1.280070160543635e-05
2528	1.2559483488511213e-05
2069	1.2548090784815403e-05
858	1.1919385708943755e-05
1176	1.1312929139583961e-05
2695	1.1300552434410722e-05
1434	1.1199415814027286e-05
2134	1.113170207587442e-05
2650	1.0511741615384385e-05
1708	1.0430880707952367e-05
1456	1.0250858647560824e-05
1517	1.0196075762653967e-05
1477	9.988457795742224e-06
159	9.851913678487962e-06
1840	9.85084991647595e-06
1746	9.572399428730536e-06
353	9.569898549525158e-06
1557	9.445753961696453e-06
196	9.146580366633166e-06
1046	9.066684647874246e-06
934	9.048532712120896e-06
433	8.96455886679967e-06
1978	8.892739514147975e-06
396	8.752747052371231e-06
1968	8.356480394237439e-06
2494	8.295873772827993e-06
43	8.274118223113071e-06
708	8.259225554944874e-06
1348	8.217121695845354e-06
2217	8.013614725948766e-06
759	7.501561061887951e-06
1398	7.199144292487559e-06
1798	6.946760637478087e-06
2704	6.946760637478087e-06
1451	6.933210764489522e-06
1335	6.928223978106703e-06
1772	6.882687962454059e-06
1823	6.720363884914775e-06
1474	6.6639808989034335e-06
2107	6.552773994005851e-06
1135	6.196965733068752e-06
2017	6.143225619380485e-06
897	6.006709494505366e-06
399	5.96878834870672e-06
623	5.785811432992067e-06
299	5.675243657546014e-06
1186	5.64697553273578e-06
654	5.561254227150399e-06
318	5.322390478556441e-06
1009	5.316543883304778e-06
1837	5.23834066221769e-06
2642	4.77428411128215e-06
1647	4.547500238689971e-06
787	4.193169371039363e-06
1945	4.024275714162409e-06
1671	3.942747857955155e-06
232	3.730009182145732e-06
2171	3.622011154424861e-06
1019	3.594924621711542e-06
2070	3.5322468053801222e-06
2145	3.4666428027812685e-06
2103	3.4135307822223005e-06
2080	3.252261925199595e-06
1036	3.198455822309394e-06
2104	3.0862614650791606e-06
2354	3.0862614650791606e-06
492	3.0033547472526815e-06
812	2.693229683098874e-06
2378	2.5483009976689417e-06
1655	2.480042935231381e-06
1604	2.4536919476966046e-06
429	2.4117848727938195e-06
1425	2.3987833370914273e-06
1734	2.2370324133757536e-06
1467	2.1979096104894627e-06
2425	2.1453579486993716e-06
808	2.0379907213500337e-06
626	2.0093743702579992e-06
1012	1.993102527613676e-06
2191	1.95673112321008e-06
217	1.9112257482517062e-06
1068	1.8873916050484734e-06
1559	1.7747096233765845e-06
366	1.6381934985014627e-06
2366	1.6381934985014627e-06
250	1.5926881235430885e-06
1273	1.5926881235430885e-06
140	1.5471827485847145e-06
496	1.4061160862137554e-06
1505	1.2969031863136577e-06
1576	1.2800168334595478e-06
1741	1.2800168334595478e-06
2501	1.2741504988344708e-06
197	1.228645123876097e-06
2323	1.208832700633732e-06
2377	1.208832700633732e-06
2423	1.208832700633732e-06
574	1.160387061438536e-06
2039	1.160387061438536e-06
1507	1.114881686480162e-06
1957	1.0921289990009749e-06
1013	1.051824238323558e-06
1317	1.051824238323558e-06
185	1.0238709365634142e-06
434	1.0238709365634142e-06
1815	1.017317711535741e-06
1994	1.0011182490842273e-06
2356	9.76615354875872e-07
2212	9.283096491508288e-07
2662	9.10107499167479e-07
960	8.854045813329334e-07
2003	8.828042741924549e-07
1692	8.717529688454213e-07
2027	8.64602124209105e-07
2001	8.418494367299183e-07
241	8.190967492507314e-07
1520	8.190967492507314e-07
2653	8.190967492507314e-07
1897	7.280859993339834e-07
2255	6.728729335585595e-07
1504	6.143225619380485e-07
1737	5.915698744588616e-07
1824	5.915698744588614e-07
273	5.460644995004875e-07
326	5.460644995004875e-07
593	5.460644995004875e-07
803	5.460644995004875e-07
974	5.460644995004875e-07
1916	5.460644995004875e-07
1982	5.460644995004875e-07
2190	5.460644995004875e-07
2698	5.460644995004875e-07
2220	5.187612745254632e-07
1114	4.714642245251742e-07
106	4.1864944961704044e-07
2369	4.178848336111919e-07
365	4.095483746253657e-07
591	4.095483746253657e-07
949	4.095483746253657e-07
653	3.185376247086177e-07
423	3.185376247086177e-07
2195	3.185376247086177e-07
1768	2.957849372294307e-07
2116	2.957849372294307e-07
2445	2.957849372294307e-07
281	2.9123439973359334e-07
287	2.7303224975024377e-07
2215	2.7303224975024377e-07
1459	2.7303224975024377e-07
2036	2.7303224975024377e-07
1568	2.7303224975024377e-07
1375	2.7303224975024377e-07
1526	2.7303224975024377e-07
2071	2.7303224975024377e-07
2419	2.7303224975024377e-07
1859	2.7303224975024377e-07
514	2.2752687479186978e-07
1057	2.2752687479186978e-07
1436	2.2752687479186978e-07
1992	2.2752687479186978e-07
2459	2.2752687479186978e-07
2363	2.2752687479186978e-07
2115	2.0477418731268284e-07
1083	1.8202149983349585e-07
2082	1.8202149983349585e-07
1822	1.6462238587882347e-07
1	1.3651612487512189e-07
752	1.3651612487512189e-07
590	1.3651612487512189e-07
1510	1.3651612487512189e-07
1616	1.3651612487512189e-07
884	1.3651612487512189e-07
2218	1.3651612487512189e-07
1599	1.3651612487512189e-07
1760	1.3651612487512189e-07
1939	1.3651612487512189e-07
1771	1.3651612487512189e-07
1842	1.3651612487512189e-07
2160	1.3651612487512189e-07
2012	1.3651612487512189e-07
2066	1.3651612487512189e-07
2237	1.3651612487512189e-07
2263	1.3651612487512189e-07
2349	1.3651612487512189e-07
2699	1.3651612487512189e-07
2417	1.3651612487512186e-07
2086	1.228645123876097e-07
11	1.2286451238760967e-07
1508	1.1376343739593489e-07
1710	1.0933109567921017e-07
2297	9.101074991674792e-08
357	9.101074991674792e-08
990	9.101074991674792e-08
1452	9.101074991674792e-08
2376	9.101074991674792e-08
2150	9.101074991674792e-08
2189	9.101074991674792e-08
1132	6.825806243756094e-08
1841	6.825806243756094e-08
9	5.460644995004876e-08
436	5.460644995004876e-08
545	5.460644995004876e-08
1309	4.550537495837396e-08
1109	4.550537495837396e-08
1277	4.550537495837396e-08
5	0.0
13	0.0
233	0.0
385	0.0
438	0.0
444	0.0
867	0.0
891	0.0
533	0.0
587	0.0
33	0.0
36	0.0
38	0.0
274	0.0
373	0.0
41	0.0
362	0.0
873	0.0
740	0.0
70	0.0
150	0.0
2360	0.0
2521	0.0
678	0.0
378	0.0
2267	0.0
2655	0.0
2300	0.0
132	0.0
695	0.0
78	0.0
82	0.0
648	0.0
1441	0.0
716	0.0
951	0.0
426	0.0
374	0.0
48	0.0
763	0.0
91	0.0
1853	0.0
2579	0.0
2593	0.0
2680	0.0
266	0.0
405	0.0
499	0.0
115	0.0
124	0.0
129	0.0
2194	0.0
133	0.0
1414	0.0
2232	0.0
2636	0.0
141	0.0
364	0.0
391	0.0
2249	0.0
2252	0.0
2281	0.0
2287	0.0
18	0.0
151	0.0
1076	0.0
1290	0.0
1376	0.0
310	0.0
449	0.0
547	0.0
766	0.0
801	0.0
936	0.0
943	0.0
1100	0.0
1107	0.0
1220	0.0
1287	0.0
1380	0.0
1411	0.0
1468	0.0
1595	0.0
1676	0.0
1851	0.0
1891	0.0
2299	0.0
2519	0.0
2555	0.0
2639	0.0
166	0.0
458	0.0
476	0.0
170	0.0
186	0.0
722	0.0
195	0.0
674	0.0
686	0.0
330	0.0
302	0.0
62	0.0
2309	0.0
247	0.0
933	0.0
8	0.0
620	0.0
270	0.0
517	0.0
915	0.0
276	0.0
2547	0.0
280	0.0
179	0.0
1964	0.0
2196	0.0
292	0.0
597	0.0
2111	0.0
303	0.0
321	0.0
335	0.0
1550	0.0
341	0.0
342	0.0
530	0.0
710	0.0
1946	0.0
2	0.0
317	0.0
2033	0.0
2390	0.0
112	0.0
352	0.0
1073	0.0
359	0.0
1872	0.0
2568	0.0
367	0.0
2573	0.0
380	0.0
177	0.0
757	0.0
1838	0.0
2133	0.0
388	0.0
1251	0.0
1252	0.0
2105	0.0
2440	0.0
413	0.0
418	0.0
422	0.0
558	0.0
462	0.0
494	0.0
675	0.0
2256	0.0
224	0.0
652	0.0
721	0.0
98	0.0
707	0.0
1450	0.0
2157	0.0
456	0.0
375	0.0
188	0.0
183	0.0
471	0.0
755	0.0
148	0.0
2637	0.0
482	0.0
712	0.0
214	0.0
735	0.0
505	0.0
703	0.0
2392	0.0
2549	0.0
670	0.0
507	0.0
2609	0.0
871	0.0
1617	0.0
1455	0.0
778	0.0
535	0.0
544	0.0
288	0.0
447	0.0
724	0.0
2464	0.0
843	0.0
1728	0.0
2119	0.0
2629	0.0
734	0.0
768	0.0
1244	0.0
1247	0.0
1382	0.0
1923	0.0
425	0.0
1763	0.0
2332	0.0
2553	0.0
283	0.0
200	0.0
1145	0.0
107	0.0
414	0.0
865	0.0
2051	0.0
2261	0.0
2341	0.0
2502	0.0
615	0.0
618	0.0
227	0.0
12	0.0
339	0.0
222	0.0
409	0.0
437	0.0
661	0.0
698	0.0
647	0.0
2404	0.0
2582	0.0
656	0.0
199	0.0
663	0.0
671	0.0
2005	0.0
679	0.0
529	0.0
1701	0.0
1705	0.0
836	0.0
649	0.0
705	0.0
610	0.0
1134	0.0
1667	0.0
68	0.0
66	0.0
667	0.0
74	0.0
105	0.0
114	0.0
176	0.0
236	0.0
316	0.0
337	0.0
350	0.0
370	0.0
546	0.0
600	0.0
621	0.0
629	0.0
751	0.0
242	0.0
769	0.0
783	0.0
846	0.0
793	0.0
1695	0.0
795	0.0
1440	0.0
1230	0.0
1366	0.0
1640	0.0
1116	0.0
826	0.0
2002	0.0
839	0.0
1403	0.0
1401	0.0
850	0.0
1721	0.0
874	0.0
921	0.0
1473	0.0
881	0.0
816	0.0
817	0.0
888	0.0
1732	0.0
892	0.0
895	0.0
896	0.0
1437	0.0
1590	0.0
914	0.0
851	0.0
1234	0.0
1417	0.0
940	0.0
1243	0.0
942	0.0
1180	0.0
1281	0.0
958	0.0
1395	0.0
1562	0.0
970	0.0
1397	0.0
973	0.0
954	0.0
981	0.0
1003	0.0
1303	0.0
2485	0.0
2617	0.0
989	0.0
994	0.0
1496	0.0
1006	0.0
1143	0.0
1611	0.0
1044	0.0
1049	0.0
985	0.0
1172	0.0
1060	0.0
1280	0.0
1097	0.0
1082	0.0
1404	0.0
1372	0.0
1678	0.0
1189	0.0
781	0.0
1146	0.0
1152	0.0
1351	0.0
1078	0.0
1157	0.0
1014	0.0
1161	0.0
1167	0.0
1332	0.0
1333	0.0
1169	0.0
1171	0.0
1034	0.0
1298	0.0
1181	0.0
1621	0.0
1194	0.0
841	0.0
860	0.0
1203	0.0
1248	0.0
1218	0.0
1350	0.0
1228	0.0
978	0.0
1670	0.0
1055	0.0
831	0.0
908	0.0
919	0.0
1263	0.0
922	0.0
1726	0.0
998	0.0
1605	0.0
1023	0.0
1447	0.0
1495	0.0
969	0.0
1919	0.0
1086	0.0
1295	0.0
1296	0.0
887	0.0
1133	0.0
1311	0.0
1624	0.0
1656	0.0
1320	0.0
1392	0.0
1042	0.0
948	0.0
1370	0.0
1709	0.0
945	0.0
856	0.0
1342	0.0
1347	0.0
993	0.0
995	0.0
1002	0.0
1040	0.0
1041	0.0
1090	0.0
1305	0.0
1318	0.0
1427	0.0
1466	0.0
1675	0.0
1681	0.0
1696	0.0
1360	0.0
1361	0.0
1368	0.0
1399	0.0
1385	0.0
1654	0.0
1388	0.0
1240	0.0
1393	0.0
1098	0.0
959	0.0
1418	0.0
1435	0.0
1639	0.0
1445	0.0
1153	0.0
2405	0.0
1362	0.0
1407	0.0
1022	0.0
1101	0.0
1478	0.0
1483	0.0
852	0.0
1391	0.0
1606	0.0
1497	0.0
1416	0.0
1512	0.0
1088	0.0
937	0.0
1712	0.0
2526	0.0
1315	0.0
926	0.0
1519	0.0
1444	0.0
1542	0.0
1396	0.0
1543	0.0
1292	0.0
1159	0.0
1625	0.0
1552	0.0
1089	0.0
1588	0.0
1610	0.0
1722	0.0
1580	0.0
1587	0.0
1613	0.0
1518	0.0
1163	0.0
1615	0.0
1449	0.0
1626	0.0
1630	0.0
797	0.0
1634	0.0
869	0.0
2615	0.0
798	0.0
1649	0.0
1659	0.0
1653	0.0
1084	0.0
1663	0.0
1682	0.0
1683	0.0
1694	0.0
1770	0.0
1979	0.0
1993	0.0
1715	0.0
1724	0.0
1539	0.0
1747	0.0
1949	0.0
2161	0.0
1752	0.0
2692	0.0
2289	0.0
1762	0.0
1765	0.0
1766	0.0
1769	0.0
1774	0.0
1778	0.0
2065	0.0
1780	0.0
1781	0.0
1790	0.0
2470	0.0
1795	0.0
1789	0.0
1799	0.0
2121	0.0
1803	0.0
1805	0.0
2290	0.0
1806	0.0
1811	0.0
2672	0.0
1818	0.0
2465	0.0
2074	0.0
2570	0.0
2225	0.0
1835	0.0
1844	0.0
1845	0.0
1848	0.0
1849	0.0
1850	0.0
2164	0.0
1862	0.0
1977	0.0
2049	0.0
2646	0.0
1867	0.0
1874	0.0
1999	0.0
1875	0.0
1921	0.0
1893	0.0
1907	0.0
2489	0.0
2498	0.0
1917	0.0
2403	0.0
1927	0.0
1930	0.0
2350	0.0
1937	0.0
1940	0.0
1942	0.0
2517	0.0
1948	0.0
2223	0.0
1961	0.0
1950	0.0
1962	0.0
2101	0.0
1967	0.0
2052	0.0
2656	0.0
2492	0.0
1984	0.0
1990	0.0
1883	0.0
2098	0.0
2242	0.0
1997	0.0
1998	0.0
2004	0.0
2516	0.0
2006	0.0
2007	0.0
2009	0.0
2023	0.0
2010	0.0
2535	0.0
1836	0.0
2634	0.0
2383	0.0
2021	0.0
2694	0.0
2042	0.0
1745	0.0
2551	0.0
2048	0.0
2686	0.0
2056	0.0
2068	0.0
2603	0.0
2641	0.0
2072	0.0
2076	0.0
2085	0.0
2102	0.0
1751	0.0
1866	0.0
1954	0.0
2497	0.0
2113	0.0
2624	0.0
2126	0.0
2118	0.0
2640	0.0
2120	0.0
2155	0.0
2122	0.0
2213	0.0
2130	0.0
2131	0.0
2135	0.0
2645	0.0
2024	0.0
2137	0.0
2149	0.0
2142	0.0
2143	0.0
2097	0.0
1956	0.0
2700	0.0
2566	0.0
1750	0.0
2095	0.0
2032	0.0
1884	0.0
2144	0.0
2186	0.0
2110	0.0
2187	0.0
2315	0.0
1744	0.0
2398	0.0
2206	0.0
1985	0.0
1787	0.0
2314	0.0
2211	0.0
1951	0.0
1959	0.0
2479	0.0
2202	0.0
2235	0.0
2236	0.0
2436	0.0
2543	0.0
2239	0.0
2245	0.0
2248	0.0
2264	0.0
2702	0.0
2265	0.0
2520	0.0
2268	0.0
1754	0.0
2446	0.0
2270	0.0
2044	0.0
2523	0.0
2279	0.0
2284	0.0
2294	0.0
2589	0.0
1881	0.0
1952	0.0
2298	0.0
2588	0.0
2371	0.0
2329	0.0
2611	0.0
2352	0.0
2274	0.0
1834	0.0
2380	0.0
2385	0.0
2461	0.0
2387	0.0
2388	0.0
2393	0.0
2395	0.0
2396	0.0
2666	0.0
2185	0.0
2402	0.0
1989	0.0
2407	0.0
2146	0.0
1759	0.0
1830	0.0
1857	0.0
1869	0.0
2628	0.0
2658	0.0
2433	0.0
2434	0.0
2011	0.0
2453	0.0
1743	0.0
2241	0.0
2469	0.0
2644	0.0
2647	0.0
2472	0.0
2482	0.0
1971	0.0
2491	0.0
1901	0.0
2548	0.0
2495	0.0
2064	0.0
2504	0.0
2359	0.0
2513	0.0
1931	0.0
2527	0.0
2529	0.0
2534	0.0
2518	0.0
2539	0.0
2441	0.0
2545	0.0
2554	0.0
2556	0.0
1786	0.0
2532	0.0
2574	0.0
1943	0.0
2585	0.0
2633	0.0
2670	0.0
2257	0.0
2600	0.0
2604	0.0
1988	0.0
1904	0.0
2626	0.0
2614	0.0
2621	0.0
1973	0.0
2622	0.0
2106	0.0
2623	0.0
2631	0.0
2632	0.0
2602	0.0
1877	0.0
2638	0.0
2649	0.0
2437	0.0
2412	0.0
2669	0.0
2478	0.0
2685	0.0
2524	0.0
2688	0.0
2210	0.0
2037	0.0
2701	0.0
1753	0.0
2345	0.0
