Node_Id	Betweenness_Centrality
53	0.06957277661528863
65	0.06674991267599807
1576	0.05790075442536772
308	0.05167183828766072
312	0.049999547245291105
134	0.04939113647619898
69	0.047850675426865746
59	0.044174625667850825
51	0.04254761839100511
259	0.04247349812789198
57	0.042066066262181775
623	0.0404365013434368
331	0.039979767521562834
68	0.03771221474674829
411	0.03315192115755151
12	0.032276375071258995
15	0.031679678058961824
16	0.03145987194972742
83	0.029926916893451398
366	0.02926360104766859
18	0.028706784091000213
268	0.028076164763177723
314	0.02792208439185873
297	0.027254357571367283
620	0.025946545865446896
13	0.025262390707433136
137	0.02516918662723828
14	0.023803126735122263
241	0.02268122165418373
237	0.022124531565349197
227	0.021423633026631066
267	0.021010658425183716
2	0.02047936400548416
260	0.020420450325658278
406	0.01961628980657954
63	0.01948381054529933
61	0.019453055211087672
91	0.019303350841552578
223	0.018728923211609787
45	0.018645171357192025
258	0.018165530098101585
67	0.0180403560063886
323	0.017833218224313836
374	0.017804293531706407
1340	0.01761422362525535
1686	0.01709119954860437
379	0.016542289376952797
2410	0.01647746240148753
113	0.01634503180302622
1113	0.0161464454948184
343	0.015474546321253365
56	0.015473864813950878
243	0.015070781541848578
397	0.014652517728698019
19	0.014133352452988692
73	0.01391630850991139
313	0.01342528762954785
914	0.013246289097538588
265	0.013131906475279691
54	0.013042326864641124
1457	0.012770452561662217
2423	0.012741939708231844
218	0.012685788214470667
216	0.012447321027539128
315	0.012430322686488898
122	0.012428424335419418
1349	0.012337647731110329
621	0.012078064908777577
410	0.01198519510286095
1563	0.011674135240496165
257	0.011534617408850568
118	0.011406938590804053
296	0.011155933455871387
934	0.010847613098771122
378	0.010830879986959183
138	0.01080848832543451
88	0.010805881822529152
55	0.010679299083009089
220	0.010609363639626761
626	0.009908398871575703
135	0.00978475979620809
1503	0.009695608308338538
598	0.009667856545601509
66	0.009168108325147918
232	0.00876203994176105
1427	0.008674714403711866
217	0.00847900076932689
2504	0.00847617916022191
238	0.008360846846325579
291	0.0081570381597772
133	0.008103514973097059
2580	0.008063053802339872
1293	0.008028818761547978
460	0.007989420905628493
36	0.007982086032100986
486	0.007707524420409884
2505	0.007686016839400775
225	0.007682260960126811
176	0.007633056251384933
1169	0.007629174797923961
619	0.007573170973691437
2581	0.007424965961308804
301	0.007160202139955149
1451	0.007113867472996281
595	0.007111806241758534
927	0.007087126168900208
1422	0.007057054202497215
126	0.0070569634037857916
412	0.007038739364339758
239	0.007032271514114353
58	0.006824985184344952
373	0.006759520959330329
132	0.006692091052342972
613	0.006672754719531631
307	0.006663539488319053
17	0.006631179614328975
554	0.006462311481910443
773	0.006342464134215677
618	0.0063315944595731775
219	0.006219653820557508
364	0.006137746495572533
2527	0.006047116517435698
763	0.006039546710994883
316	0.00601921461813851
41	0.00601308455675029
150	0.00595916223766116
617	0.005946755131893054
1344	0.005899935573726493
1196	0.005718135213136337
99	0.005677143228921989
1095	0.0056622040335186355
1288	0.005575926334908372
79	0.005530352974691972
1410	0.005527291946126006
924	0.005505882833539218
2123	0.005400994788297983
488	0.005362967041920984
262	0.005351315539186777
365	0.005337343068992551
1578	0.005327153205427022
766	0.005232695319339248
1687	0.005066503897420468
164	0.005055965371565142
167	0.005036503715611304
231	0.004954214324586794
405	0.004936335123370933
392	0.004906562296766058
592	0.004863503594842286
1092	0.004859835309159644
1391	0.004840746888239933
556	0.004835466616399061
293	0.004821060134676674
322	0.004815848268642333
1659	0.004767414261939486
74	0.004756703234378323
70	0.0045083834236876175
565	0.0044790289027193085
107	0.004381581814154077
1588	0.004315136599792343
628	0.004302655866053998
815	0.0042800124837603214
599	0.004194815093461137
35	0.0041577430237083384
2237	0.004126870165002369
2488	0.004077309500768577
309	0.00404946399841607
2467	0.004032376757841608
1224	0.00403215957598672
190	0.004031333751926375
1286	0.004030174856465002
2256	0.004025770842196425
76	0.004013923001220784
84	0.0040066496995724305
831	0.003928821966966844
829	0.003867310992569249
311	0.003865736234886359
110	0.0038113577312067046
222	0.0037831004512720525
1213	0.0037239451801599683
104	0.003715615915017267
292	0.0036459473781933053
807	0.0035349971208053204
1287	0.003361955733438283
1338	0.0033617239543460085
2191	0.003334807676184386
1733	0.0033343132601559157
326	0.0032839965137473975
221	0.0032472318996537453
1728	0.0032462076460733004
451	0.003231444096380783
399	0.003224358264695945
320	0.003219411752315002
483	0.0031926030588740857
572	0.003186600420221653
165	0.0031857299130454626
64	0.003185297884608973
298	0.0031586576908127035
612	0.003102215287005565
289	0.003091365330731792
356	0.003037888641953803
86	0.003022247971137536
481	0.0029216921216327764
1823	0.002918441432731739
1352	0.0028690014865637254
616	0.0028162836332869647
602	0.00280919304194189
156	0.0028024962690407747
310	0.0027932621173400018
377	0.002780447484570386
105	0.0027655066606377568
37	0.0027394811756292674
1962	0.002720165265908466
416	0.0027123146665699125
1058	0.0026908760188164493
1217	0.0026905243845553196
189	0.002688637470381529
568	0.002666099581877961
596	0.0026445585796029724
543	0.002639079736027494
294	0.0025599671991594544
1097	0.0025372557841312877
304	0.002534804831770798
46	0.00253094260461926
330	0.0024857843338959382
942	0.0024844676881472447
833	0.0024615850446185017
62	0.0024194239962935533
816	0.0023980935870877612
2181	0.002387035228736353
1093	0.0023571400125248746
1170	0.0023452842838919455
128	0.0023163439233988637
446	0.0022909671285074864
159	0.002283852808212767
713	0.002265848447897661
359	0.0022485759950527143
1755	0.0022294603289497407
610	0.0022294247929827205
803	0.0022075004183404337
233	0.00217874320401204
448	0.002168114178485375
1570	0.0021482679561186974
1889	0.00214327202463526
1726	0.002088881670404973
772	0.0020704160856947814
2098	0.0020645784139360452
2056	0.00205199284862296
34	0.002031687229057372
702	0.002028778918176956
728	0.0020220605821385227
2438	0.002017899660266823
2561	0.002017888122094148
1858	0.0020178687773397927
1383	0.0020176369982475182
2418	0.0020176369982475182
191	0.0020171734400629697
145	0.0020171649977307345
1230	0.0019911272389735273
317	0.0019691332435736396
60	0.001959122054373084
1190	0.001951853531171874
2241	0.001939190599561225
193	0.001938234519124296
767	0.0018967306944448503
1294	0.001885949540413465
430	0.0018611244026928173
2164	0.0018447391573401212
361	0.0018388866234710247
295	0.0018283730814385177
380	0.0018187486973695664
497	0.0018187232734226601
1535	0.0018142577755358143
1541	0.0017832378022521803
261	0.0017705859733929627
503	0.001768492368829456
473	0.0017665233304128912
168	0.001765542457332627
1574	0.0017492298013909017
1590	0.001742819790153376
1991	0.001741388274319931
456	0.0017259075652686997
491	0.0017121863961697516
157	0.001670396415350179
108	0.0016248512440700854
224	0.0016165321119129836
342	0.00161141643186411
505	0.0015921681048805736
654	0.0015838348898708182
925	0.0015525879515080247
443	0.0015493697947429577
2854	0.0015481234094591894
2454	0.0015385852904533704
1028	0.0015215666571665892
341	0.0014999206290731684
328	0.0014725640285985402
624	0.0014694017474065515
2674	0.0014560748875156713
652	0.0014397243047374086
1114	0.001431159275429682
720	0.0014308096518295195
1426	0.0014228742279605738
1605	0.0014186646907516712
487	0.0013986878243340722
2335	0.0013905107683133049
529	0.001376487482802545
396	0.0013684691150630936
1040	0.0013680546898135826
982	0.0013563478061222342
1849	0.0013511562184128556
915	0.0013493610853210563
82	0.0013480294080870795
2266	0.0013475638539979713
887	0.001345477630652136
1029	0.001345477630652136
2751	0.001345477630652136
947	0.0013453617411059988
739	0.001345245851559862
1077	0.0013452458515598616
2207	0.0013452458515598616
2470	0.0013452458515598616
2837	0.0013452458515598616
2892	0.0013452458515598616
2264	0.0013401465000144608
2585	0.0013353566102894939
918	0.0013328510773505532
324	0.0013251370022798136
1254	0.0013176784110321975
2063	0.0013016694060298817
1530	0.0012849840461432623
319	0.0012707370345102754
1742	0.0012640543268385826
808	0.0012604782627040577
541	0.0012547285554433882
1525	0.0012441586423423611
813	0.0012285763631122563
603	0.0012171451743932652
234	0.0012031532808569328
593	0.0011898482671684751
913	0.0011884285936396967
1280	0.0011776087385432712
360	0.0011695447196216108
1731	0.0011603929924120235
636	0.001158719908701048
395	0.0011548837664556557
186	0.0011484943987968947
534	0.0011461785351622412
1716	0.0011402636009365398
956	0.0011398187236455223
2161	0.0011315382869737135
834	0.0011289374480047802
607	0.0011110759611116044
203	0.0011092338699759399
1173	0.001095828028002517
1816	0.0010953873712609506
663	0.0010892057581796612
1960	0.0010751958532579907
1171	0.0010751076518165032
1091	0.0010617679728402902
2187	0.0010551543130205426
280	0.001038808735849683
1350	0.0010286642788630445
658	0.0010227123310264637
801	0.001008818499123759
2871	0.001008702609577622
1023	0.001008586720031485
288	0.0010085867200314849
1888	0.0010084322006366352
574	0.0009998728753429465
1548	0.0009738943412551446
1283	0.0009691607455391802
1215	0.0009691440049331751
2449	0.0009639095943218464
1560	0.0009633307442372988
1542	0.0009617770700632477
429	0.0009608186740871711
1432	0.0009478593319815726
1414	0.0009454201291682939
615	0.0009450565822830548
196	0.0009418492853574154
634	0.0009345787513831362
564	0.0009256245015993587
455	0.0009206374593354452
130	0.0009154292168889421
1555	0.0009120686222749071
765	0.0008935900410190102
814	0.0008908507433019313
375	0.0008869628566584412
205	0.0008861065633373305
440	0.0008816842540720565
2019	0.0008812165816616547
2852	0.0008766593791406338
248	0.0008726297366803297
614	0.0008709407380251863
290	0.0008679328109724557
178	0.0008634582938632912
1589	0.0008565754124517072
1527	0.0008556171021239277
1573	0.0008555605962573352
671	0.0008543918306135958
52	0.0008484063584142234
1534	0.0008456923208196472
210	0.0008390308925868963
630	0.0008387740877387004
47	0.0008319730669570823
1421	0.0008316319007386976
1553	0.0008258454254001765
1956	0.0008224585232622755
761	0.0008144750913720198
369	0.0008126270170916642
594	0.0008061873779009062
2169	0.0007903345870429588
431	0.000789792724755105
1577	0.0007844481382559054
482	0.0007541667977104535
2368	0.0007441294740166767
764	0.0007377617913260701
2244	0.0007344922861902691
42	0.0007319538914741286
1531	0.0007314940566428765
926	0.0007303278851442793
1762	0.0007260417370657709
532	0.0007235855119782131
236	0.0007233118106257585
1409	0.000718612588127497
1054	0.0007178244646145022
149	0.0007169427699298709
458	0.0007126798028995107
459	0.0007122439600369523
804	0.0007114394639337499
1037	0.000711172250614627
2262	0.0007062131871639177
1763	0.0007055748115600544
931	0.0007053405517546137
939	0.0007045051941546751
2144	0.0007038081878846381
467	0.0007017029829173985
2107	0.0007005861189139399
712	0.0006954192088614141
569	0.0006879569310725616
590	0.0006838286751538564
1628	0.0006815095245317525
95	0.0006785770731281319
2480	0.00067648921005865
1984	0.0006763409253109875
2887	0.0006763316027716861
987	0.0006759072652423476
976	0.0006751822594508876
2184	0.0006746254845054557
2458	0.0006736659316951651
640	0.0006734444539157918
1873	0.0006732023735106166
2781	0.0006730864839644794
2413	0.0006730478541157669
414	0.000673032402176282
1024	0.0006729705944183424
22	0.0006729705944183423
2054	0.0006729705944183422
1916	0.0006729319645696298
2763	0.0006728933347209174
1138	0.000672864782224043
996	0.0006728547048722053
1025	0.0006728547048722053
1042	0.0006728547048722053
2189	0.0006728547048722053
2687	0.0006728547048722053
2693	0.0006728547048722053
2726	0.0006728547048722053
2809	0.0006728547048722053
2835	0.0006728547048722053
23	0.0006728547048722052
39	0.0006728547048722052
256	0.0006728547048722052
878	0.0006728547048722052
889	0.0006728547048722052
894	0.0006728547048722052
898	0.0006728547048722052
920	0.0006728547048722052
955	0.0006728547048722052
1055	0.0006728547048722052
1082	0.0006728547048722052
1156	0.0006728547048722052
1211	0.0006728547048722052
1246	0.0006728547048722052
1258	0.0006728547048722052
1297	0.0006728547048722052
1333	0.0006728547048722052
1336	0.0006728547048722052
1347	0.0006728547048722052
1354	0.0006728547048722052
1371	0.0006728547048722052
1651	0.0006728547048722052
1811	0.0006728547048722052
1870	0.0006728547048722052
1871	0.0006728547048722052
1902	0.0006728547048722052
2050	0.0006728547048722052
2062	0.0006728547048722052
2095	0.0006728547048722052
2223	0.0006728547048722052
2312	0.0006728547048722052
2378	0.0006728547048722052
2569	0.0006728547048722052
2577	0.0006728547048722052
2637	0.0006728547048722052
2654	0.0006728547048722052
2659	0.0006728547048722052
2664	0.0006728547048722052
2672	0.0006728547048722052
2747	0.0006728547048722052
2772	0.0006728547048722052
2891	0.0006728547048722052
2907	0.0006728547048722052
2913	0.0006728547048722052
2939	0.0006728547048722052
151	0.0006728547048722051
2141	0.0006728547048722051
1374	0.0006723911466876565
1375	0.0006723911466876565
244	0.0006699381512944206
2265	0.0006689142487881756
836	0.0006636557688345764
1766	0.000663201420636143
352	0.0006609580021051065
141	0.0006597216368788842
629	0.0006583969926627221
1001	0.0006574799539332006
1239	0.0006430363255660513
93	0.0006409250383667608
2267	0.000638569106211396
92	0.0006342108731597282
116	0.0006337303524911501
1591	0.000621114271949933
1936	0.0006151907831567102
1537	0.0006132882367324355
606	0.0006115682068924276
1162	0.0006104621213173689
2272	0.0006102900071850435
432	0.0005939380850869348
170	0.0005745377513566315
552	0.0005737025905848047
391	0.0005732806958901095
495	0.0005676796759488046
1757	0.0005644971777827783
604	0.0005639950545643801
2677	0.0005612144420934291
1556	0.0005600841025414798
2496	0.0005492636606799451
177	0.0005470068272618494
2270	0.0005424927021685705
1229	0.0005335287936425099
1306	0.0005256850360135059
477	0.0005127074608563865
1096	0.0005092620506423267
228	0.0005024325346484341
362	0.0005007672861373876
1569	0.0004992394817356729
452	0.0004977685598706402
215	0.0004862172982182848
1549	0.0004806779991023989
1251	0.00047581632680291004
959	0.0004683546933269587
1776	0.0004650285615629176
173	0.00046456098576805734
1748	0.0004579104900564797
2678	0.0004486277480212136
609	0.00044151239086552156
445	0.00043730725979511745
502	0.0004343168787413631
1627	0.0004330487833845335
508	0.00043088500902788667
240	0.0004307183508278212
1172	0.0004301297262544067
2554	0.0004166413691454312
376	0.00041289003075015444
1739	0.00041060769055173413
464	0.00040876165673573334
1417	0.0004060118292251914
1566	0.00039965765893086434
600	0.0003960118189368262
868	0.0003940768969451749
633	0.0003844159676768206
1220	0.00038385387177472237
357	0.0003823201828964032
528	0.00037978647554374643
548	0.0003797257790297629
730	0.00037168664324172055
242	0.0003706491212671131
434	0.0003681277173022993
504	0.00036182653379986487
2832	0.00035447720199422345
1282	0.0003531249926684349
1845	0.00034952615380430486
152	0.0003491572942503542
597	0.00034657905416841933
2441	0.0003436790505119274
131	0.0003435237541222237
622	0.0003421639993217726
591	0.0003421107348090219
444	0.00034183457373051064
247	0.0003400640767648821
1129	0.00033816000522083494
1273	0.00033770597061822847
1193	0.0003374694543509015
1378	0.0003373737837295559
1385	0.0003370233558162364
1826	0.00033689091062065105
158	0.0003368351732675089
2415	0.00033681365092322633
2502	0.00033646598228481494
2586	0.0003364659822848149
984	0.0003363114628899654
985	0.0003363114628899654
2469	0.0003363114628899654
2471	0.0003363114628899654
2566	0.0003363114628899654
2679	0.0003363114628899654
2684	0.0003363114628899654
2923	0.0003363114628899654
286	0.0003361955733438283
1020	0.0003361955733438283
2873	0.00033619557334382827
2503	0.00033615694349511596
2588	0.0003361569434951159
2698	0.0003360410539489788
1381	0.00033594447932719785
1386	0.00033571545950983165
355	0.00033553886591571795
333	0.0003351139375798817
1125	0.0003344629205590963
204	0.00033407369093955557
98	0.0003333528399660146
275	0.0003327880779548106
2162	0.00033265538100798705
2429	0.00032978734551083186
2125	0.00032718121321609583
1468	0.0003271166239907108
1824	0.00032661035709403795
1998	0.0003253513659270162
1862	0.00032309677197562593
2830	0.00032157219136649595
649	0.00031599739899781275
368	0.0003129816425642996
129	0.0003123147804871788
321	0.0003103549022125338
2845	0.0003085993357078714
469	0.00030800866311087656
811	0.000304542072082369
718	0.0003027245702345908
327	0.00030044149878345435
1915	0.00029746050259490644
1428	0.00029716366440801247
632	0.000294946023696672
1415	0.00028681021837890445
468	0.0002864580326799608
837	0.0002855438962854053
625	0.00027867012743578606
2724	0.0002785424182151898
470	0.0002772452559189253
1547	0.00027563852943630066
631	0.0002738919542317536
75	0.0002723110954493889
1795	0.0002690228567388592
408	0.0002602686659029009
566	0.00025763398787839536
1575	0.00025467063703702364
461	0.00025411410489917046
407	0.0002525780100111392
657	0.00025185758071424695
1529	0.00024928744179440184
555	0.0002479563188321838
480	0.00024779824753623926
929	0.0002464125963362426
1764	0.00024455671079488746
553	0.0002412486160575018
476	0.0002401380035991382
353	0.00023720396383885767
941	0.00023453506427566898
415	0.00023388314964399118
1408	0.00023178899685484005
367	0.00022709293657780213
650	0.000226892529631501
302	0.00022530324298029603
506	0.000225236125416838
2675	0.0002239951777587297
1564	0.00022293144163741148
605	0.00022253844423472414
102	0.00021952889183047812
2360	0.0002181830810276683
475	0.0002142562525477832
1532	0.00021300308638691403
1219	0.0002084112948806555
1455	0.0002077111656356193
2851	0.00020531123836820843
1717	0.00020483277034799005
1804	0.0002042118988289381
501	0.00020324777149366923
498	0.00020255728412866126
2833	0.00020209282273086254
1805	0.00020036899645447463
2725	0.00019692436423623456
2731	0.00019692436423623456
1265	0.00019680659897701314
1714	0.00019099392617950386
1743	0.0001862568003098547
683	0.00018587923970720036
2015	0.00018379953486746998
2493	0.00018143175887533715
855	0.00017736499493151047
1157	0.00017735875449494001
838	0.0001771116934949536
825	0.00017341349461590745
433	0.00017200808696495731
2080	0.00017192873022697964
282	0.00016991742391256014
281	0.00016968564482028588
340	0.00016925730430283542
1568	0.00016684145637290917
1492	0.00016669901077685407
2544	0.0001662007141312257
1586	0.00016219709007503689
522	0.00016054365025070742
449	0.000159039128908804
1094	0.00015874253213085633
608	0.00015812517136386438
329	0.00015807289643592258
1191	0.00015693996136476786
667	0.00015585539382238946
325	0.00015515062673104158
943	0.00015422932269686291
1562	0.000150697556249448
701	0.000150047894665012
1552	0.00014978957143519482
830	0.00014927490039929334
2487	0.00014768399006978068
527	0.00014619285718203923
1775	0.00014547786483000002
2483	0.0001411465306826906
570	0.00013955209469870228
266	0.00013954878419365286
916	0.00013730842340836335
474	0.00013059490537881157
2242	0.00013050774031429316
2268	0.00013013022361136332
1565	0.0001298835033287124
544	0.00012738908219814642
2127	0.00012555688848801805
2130	0.00012555688848801805
2131	0.00012555688848801805
2133	0.00012555688848801805
2134	0.00012555688848801805
707	0.0001252578407522637
817	0.0001248755189669465
472	0.00012425160228040732
2596	0.00012208950749073916
1830	0.00012194428540071196
581	0.00012174852702814605
2492	0.00012171823308221843
175	0.00012161788508652357
559	0.000121117622656673
611	0.00012012017796205982
1252	0.00011942663619391845
1433	0.00011911096518807424
875	0.00011881281178500563
1449	0.00011640279004492796
2079	0.00011555390860777811
1689	0.00011549605123835924
1484	0.0001151073810551965
1582	0.00011459030786132595
1551	0.00011199294074017907
919	0.000111503317551826
2431	0.00011146630589667365
478	0.00011126890840291088
902	0.00011118923367025866
1890	0.000111141287520562
1892	0.00011106402782313725
457	0.00010850170930659292
1538	0.00010712154592903858
2594	0.00010572132966319441
2485	0.00010545310491667953
1351	0.00010479133189816419
809	0.00010158253016891711
1477	0.00010115477117428411
533	0.00010105101879041798
235	0.00010081987031378997
2078	0.00010057866292007086
1935	9.927174833978315e-05
1754	9.793128259615848e-05
1614	9.615429415192545e-05
743	9.603105759069356e-05
721	9.554408681821423e-05
1579	9.54455844713081e-05
2494	9.343529528510155e-05
871	9.332609214698582e-05
1737	9.318955412471784e-05
818	9.155946004765382e-05
1467	9.135288536871552e-05
1163	9.067405049762527e-05
81	9.036995769218155e-05
404	8.934657289481551e-05
731	8.916834440770755e-05
1161	8.79616574392091e-05
790	8.786464374173152e-05
1197	8.775470832676612e-05
1610	8.714087513311513e-05
1119	8.45432692622749e-05
77	8.196391402034154e-05
509	8.107295720308151e-05
136	8.104345887172846e-05
1429	7.954936011671755e-05
115	7.94489395670782e-05
788	7.941970757482541e-05
1469	7.882053395418834e-05
557	7.735024322707876e-05
668	7.69342348261443e-05
1431	7.623396233455685e-05
1950	7.586916051575198e-05
736	7.482745755421986e-05
453	7.193933590296507e-05
2324	7.14248552584892e-05
1567	7.06803156424967e-05
2463	6.838954546238369e-05
1209	6.825239811543962e-05
1089	6.699332002358375e-05
249	6.643473065541812e-05
648	6.579115644492454e-05
2183	6.555381633136919e-05
711	6.5430584285129e-05
586	6.498025550845118e-05
1154	6.397721908993763e-05
2276	6.285442155250878e-05
521	6.165299535814234e-05
2890	6.07044508122147e-05
645	6.041671615331375e-05
2425	6.0198520769225176e-05
589	6.01901598566676e-05
1450	5.959141148913928e-05
856	5.90236187421057e-05
2537	5.8704875083241396e-05
1192	5.869492272440476e-05
2579	5.799021658621697e-05
2217	5.7843171195976085e-05
1255	5.7198509932642604e-05
551	5.6377403041707606e-05
2250	5.621196533845568e-05
437	5.6170689188193635e-05
300	5.571812426311337e-05
305	5.39481373995721e-05
454	5.323695548550078e-05
523	5.314833221892467e-05
2451	5.241624126068824e-05
2459	5.237495260322717e-05
530	5.221886600582389e-05
2601	5.2056174239691574e-05
1039	5.198966663531084e-05
1957	5.0830573893121386e-05
172	5.054773587458796e-05
660	5.036949780561152e-05
2059	5.001150915476386e-05
1301	4.960029446917193e-05
1303	4.960029446917193e-05
1300	4.9523034771747175e-05
1302	4.9523034771747175e-05
1304	4.9523034771747175e-05
1307	4.9523034771747175e-05
1308	4.9523034771747175e-05
1103	4.9465149688594644e-05
536	4.944300234524465e-05
1115	4.8556642768769404e-05
2500	4.841518249100271e-05
2563	4.8380821569053526e-05
1546	4.814823497172981e-05
1453	4.777377303974043e-05
1585	4.731404155280824e-05
1296	4.660969450863248e-05
471	4.6406264561527283e-05
1554	4.5957442732659406e-05
1561	4.582201007848957e-05
2428	4.5493904780954524e-05
1500	4.543654298161372e-05
1700	4.4892693248010785e-05
670	4.4493384156497393e-05
2546	4.437178007077239e-05
1256	4.215214557441983e-05
1295	4.214055538635916e-05
710	4.191013692517454e-05
183	4.13837617459528e-05
1661	4.000446387441949e-05
1994	3.952744676863396e-05
2491	3.936584794396667e-05
1580	3.909882359357513e-05
163	3.903209941844465e-05
121	3.8892573288774925e-05
1316	3.831000193009651e-05
1059	3.776737897446004e-05
1057	3.6803615547049916e-05
1060	3.6803615547049916e-05
489	3.609351932323222e-05
810	3.603140388450733e-05
1036	3.5528926153698115e-05
1914	3.542657603720348e-05
2455	3.413499875633546e-05
2495	3.344576646546808e-05
1571	3.309181526099787e-05
371	3.247591636945588e-05
2603	3.141298571134923e-05
1043	3.129814438706593e-05
571	3.1188138385652737e-05
185	3.103025561458401e-05
549	3.094218142629199e-05
537	3.0343396864617626e-05
1550	2.9920237398478366e-05
2213	2.9530074715040568e-05
485	2.9428805667988033e-05
1584	2.9085374039025996e-05
758	2.9063754007750008e-05
510	2.8481981198535572e-05
2245	2.8226929067196206e-05
1464	2.764210241900071e-05
627	2.6802988494909853e-05
704	2.6454938710912984e-05
2611	2.613810816853604e-05
111	2.6036486682754298e-05
771	2.602640315404735e-05
1502	2.5983424885887522e-05
1583	2.5948818301521988e-05
526	2.5776733748276987e-05
709	2.571353227718491e-05
2204	2.5662401714143808e-05
2472	2.5412203925039578e-05
1026	2.5126233131102445e-05
2381	2.4776785455096625e-05
514	2.4744205181101847e-05
2073	2.4423899516351802e-05
518	2.4345709719510576e-05
656	2.3875632310044443e-05
1194	2.3641575507591208e-05
393	2.3552769198241415e-05
2598	2.3242301946023108e-05
428	2.3185150567227684e-05
1680	2.3020562217312026e-05
2477	2.279849734169464e-05
1702	2.2592531692758302e-05
2547	2.2153266493332863e-05
1124	2.209836610058873e-05
1979	2.1761759642813355e-05
700	2.1292567629348607e-05
2057	2.0971977892927844e-05
740	2.0952004687637535e-05
1497	2.0912481118443827e-05
1822	2.083881852172154e-05
1819	2.069298029961934e-05
1356	2.0443664701206898e-05
1231	2.0125124461248824e-05
101	2.0000852397251912e-05
2087	1.9396113086768084e-05
1843	1.9330114471735374e-05
797	1.9185162258301545e-05
2475	1.9049150506712535e-05
651	1.8717060922475236e-05
1701	1.8664334478181564e-05
1038	1.841709099812755e-05
2599	1.8357954479335406e-05
1955	1.7927581567695948e-05
986	1.792137221143484e-05
676	1.7845701233640456e-05
1236	1.7814101414771254e-05
550	1.7700989040901017e-05
85	1.7471529249378568e-05
127	1.6999036552263198e-05
1821	1.6976519119272872e-05
812	1.6827215084021546e-05
439	1.6810924362909136e-05
390	1.61750577846699e-05
729	1.608434493900211e-05
540	1.6021395117227346e-05
2082	1.6016764837687152e-05
1506	1.567835482185012e-05
1389	1.5589962041684674e-05
2876	1.5589962041684674e-05
945	1.5323516048831975e-05
2476	1.5169282594819378e-05
499	1.5014080610311158e-05
1090	1.4887913150583102e-05
546	1.4858163225664e-05
679	1.4718866651545676e-05
1996	1.4512770315774476e-05
2499	1.4491152373449259e-05
944	1.4474772367979207e-05
2464	1.4471408749567999e-05
538	1.43933508008557e-05
1116	1.4208067651192435e-05
2099	1.4131783317291443e-05
1521	1.403290500577471e-05
1518	1.3983688867292148e-05
2482	1.392716459420165e-05
716	1.3559158946354361e-05
2086	1.3470432265235164e-05
1496	1.3433561219105929e-05
181	1.3370279240509202e-05
1212	1.3325042767686403e-05
1558	1.3296428953440226e-05
869	1.3062951211682732e-05
2479	1.2991300804271685e-05
2562	1.2970431731551576e-05
1407	1.2675946985158406e-05
400	1.2623293603302424e-05
675	1.249256006587193e-05
576	1.2454948012374733e-05
1508	1.2386160624758597e-05
911	1.196591128817844e-05
2197	1.1799151623122562e-05
87	1.1776285637893606e-05
2602	1.174590966237806e-05
2247	1.1720877008837112e-05
748	1.1622018216593525e-05
545	1.1568676508327217e-05
1281	1.1116421599971782e-05
635	1.0928313551255045e-05
1741	1.0702448323036937e-05
1086	1.0691895202959575e-05
2708	1.0684319874621995e-05
1643	1.0619141630086586e-05
582	1.0576595661857236e-05
1216	1.0524325791044148e-05
214	1.0427993428029653e-05
525	1.039191634328431e-05
1638	1.0244454536224208e-05
347	1.0210712670203965e-05
1299	1.0204254212209989e-05
2541	1.0093057614053461e-05
2316	1.0047685962949277e-05
1331	9.968123199800873e-06
2206	9.845660349573015e-06
318	9.844951068358355e-06
1978	9.769748901590446e-06
2663	9.751685648430986e-06
1559	9.67883816213733e-06
872	9.475942941721212e-06
2315	9.404774173634716e-06
1285	9.242172161998881e-06
575	9.177399522182105e-06
992	9.153616593379612e-06
2024	9.144277359157693e-06
1746	8.939388082892316e-06
1044	8.843897541115017e-06
1988	8.569565444488875e-06
479	8.541967838873266e-06
263	8.443086032752656e-06
264	8.399894162950219e-06
250	8.251335684964003e-06
162	8.16246257045077e-06
2362	8.097026476581917e-06
2461	7.913390211126635e-06
2325	7.842921389213027e-06
2507	7.798844430046573e-06
2565	7.781205392356342e-06
2347	7.74838979732608e-06
755	7.743306109286221e-06
1435	7.468655129140137e-06
1228	7.324000573486533e-06
1987	7.250074651652608e-06
699	7.16892431642037e-06
2322	7.030491422719688e-06
746	7.011995215925691e-06
1958	6.931730935465156e-06
742	6.898798933951503e-06
465	6.873682633429591e-06
900	6.857379066369516e-06
1298	6.770866741500546e-06
2750	6.707512077332855e-06
179	6.702660831922714e-06
747	6.664715609629807e-06
2656	6.495467278468922e-06
2453	6.229525454021083e-06
1971	6.160899270958958e-06
1732	6.083143459999724e-06
1572	6.0644226059941e-06
1397	6.026256399131014e-06
573	5.9779868610096535e-06
1928	5.953277840451447e-06
287	5.948203008177936e-06
226	5.946923940446524e-06
706	5.837886178995283e-06
1592	5.8324585855998514e-06
2886	5.794688822223667e-06
500	5.779973409135919e-06
394	5.757445918862216e-06
2543	5.678240633381483e-06
1963	5.667451813219533e-06
1250	5.605726474324476e-06
435	5.541991765485163e-06
90	5.517370607059429e-06
2436	5.449238483093031e-06
2564	5.292878526512169e-06
2365	5.253340871055761e-06
1995	5.2304925846821134e-06
1926	5.218215578517967e-06
2053	5.181978270590857e-06
2341	5.176853038505992e-06
1284	5.141956655916439e-06
1471	5.087170299027044e-06
1035	5.0516664087024524e-06
923	5.006944710670931e-06
1982	4.951948004208636e-06
1964	4.941660382114674e-06
601	4.936431631336814e-06
674	4.918193102327991e-06
539	4.8334966758005405e-06
796	4.813815783846947e-06
1501	4.7885854920161306e-06
2424	4.764238396123086e-06
2521	4.764238396123086e-06
2711	4.764238396123086e-06
2713	4.764238396123086e-06
2714	4.764238396123086e-06
2717	4.764238396123086e-06
279	4.697373183949677e-06
2337	4.696869857929839e-06
507	4.6902057031503115e-06
520	4.674824251265558e-06
2336	4.584843296663942e-06
2829	4.484925435507121e-06
97	4.481062450635883e-06
2452	4.446394085687354e-06
561	4.4144032571073384e-06
80	4.406690627809437e-06
1557	4.341246543587526e-06
897	4.214787958341614e-06
2314	4.213750052858396e-06
928	4.208025544124407e-06
1976	4.200059925466056e-06
2030	4.174874584754151e-06
1507	4.140363623625877e-06
1536	4.06770025224141e-06
1100	4.038174566584614e-06
284	3.984813063087476e-06
1262	3.928150101481871e-06
2200	3.909768338562257e-06
492	3.841287861765679e-06
332	3.820969456789145e-06
641	3.764964572961338e-06
2058	3.7398429922387907e-06
1345	3.7367940321107266e-06
751	3.72863108524632e-06
1756	3.7022583800328817e-06
1390	3.6836320022160726e-06
438	3.611581629720579e-06
577	3.548666917740306e-06
2255	3.5440126918699035e-06
692	3.514967211786882e-06
1619	3.466718497588666e-06
493	3.428930518318701e-06
2158	3.425481271093258e-06
1581	3.345230024815303e-06
2524	3.2240018390542118e-06
697	3.223770241251152e-06
112	3.08897095999019e-06
1447	3.084880572791415e-06
558	3.081257987195639e-06
2017	3.036031432436153e-06
1767	2.9932517583660554e-06
2205	2.920840282011343e-06
1735	2.899364134420578e-06
2066	2.892547886084725e-06
1778	2.800451391431397e-06
979	2.791583508768282e-06
2840	2.7852120921624747e-06
1970	2.7395675904928147e-06
512	2.7198956306442287e-06
1104	2.7082642705242805e-06
1779	2.678036783400696e-06
1803	2.678036783400696e-06
2088	2.6486338429580045e-06
1112	2.641255918334481e-06
1782	2.6185235874621756e-06
799	2.545635621646145e-06
745	2.4991943501738757e-06
1975	2.4753085638237566e-06
1980	2.4753085638237566e-06
1997	2.4753085638237566e-06
2008	2.4753085638237566e-06
2022	2.4753085638237566e-06
2027	2.4753085638237566e-06
2028	2.4753085638237566e-06
2511	2.449132408364782e-06
870	2.4296119226565787e-06
1772	2.3983379011209344e-06
738	2.3792629988681055e-06
1511	2.3744866629062448e-06
845	2.3503946330997914e-06
531	2.3429424410048494e-06
372	2.325283034770982e-06
2198	2.3123457785610527e-06
789	2.309065246954965e-06
2590	2.2791610740303184e-06
1076	2.211098225905301e-06
717	2.2094755205468986e-06
119	2.209430131008979e-06
1111	2.207064658319665e-06
2578	2.205028230935952e-06
1263	2.1870336857490495e-06
1279	2.1870336857490495e-06
579	2.181152571654914e-06
2225	2.174558676006497e-06
2226	2.174558676006497e-06
2230	2.174558676006497e-06
2231	2.174558676006497e-06
659	2.16740296364434e-06
1977	2.1473201551630866e-06
1615	2.1093892736865295e-06
1600	2.1083089943058886e-06
463	2.0981456874740074e-06
517	2.0949092362822315e-06
2888	2.086011830468428e-06
768	2.076514987004099e-06
1277	2.023913533362367e-06
1596	2.0120167901502968e-06
199	2.0010261633011953e-06
1010	1.990589480506078e-06
1847	1.970122284331293e-06
2523	1.910015530578232e-06
180	1.886819427496457e-06
1014	1.8816167573402845e-06
580	1.8791101915466267e-06
2522	1.8713856818658543e-06
283	1.8677253829974684e-06
2842	1.854232738194158e-06
1498	1.8336860846849636e-06
124	1.8268953213178981e-06
1011	1.8154409850759678e-06
1718	1.784864464479773e-06
2246	1.751306945101144e-06
876	1.7496210594724375e-06
884	1.7496210594724375e-06
1411	1.7346815663618513e-06
442	1.7234022941938312e-06
2023	1.689624461749578e-06
44	1.651412430001345e-06
1398	1.6224536459198884e-06
722	1.6060254455286032e-06
735	1.6015252362146478e-06
2382	1.5379812980867589e-06
2875	1.5065640997827535e-06
1490	1.4987236643618663e-06
513	1.4916456523266818e-06
2620	1.4690369961000875e-06
1597	1.4650637690221157e-06
1214	1.4491077808369097e-06
524	1.4463166597884585e-06
842	1.4229915158259954e-06
2037	1.415399785812848e-06
2041	1.386427399278564e-06
123	1.3771570402486524e-06
1021	1.3761883603784767e-06
964	1.3520447049332405e-06
1238	1.3500680662336055e-06
2251	1.3490383882165247e-06
1645	1.3436998417849415e-06
2448	1.3421454796083117e-06
669	1.3334001680077872e-06
737	1.3323662018623207e-06
691	1.2900826128824175e-06
693	1.2900826128824175e-06
696	1.2900826128824175e-06
1226	1.2884802612770423e-06
2153	1.2792801914750847e-06
2686	1.2747850075084836e-06
1237	1.25055548651541e-06
2853	1.1588954613713488e-06
363	1.151809854297042e-06
202	1.1474877774184246e-06
490	1.1427163412007506e-06
1599	1.1387399415663423e-06
2645	1.1223111297479052e-06
1744	1.1192120713304511e-06
708	1.1114039292120263e-06
2286	1.1009506883027814e-06
542	1.0966122823647011e-06
922	1.0959839934683326e-06
969	1.0673625163611671e-06
276	1.0545948698479278e-06
2045	1.0320344851360956e-06
2093	1.0320344851360956e-06
147	1.0043760665218357e-06
11	1.0043760665218355e-06
723	9.95625435009515e-07
853	9.891461731634205e-07
840	9.660329659861736e-07
777	9.657462178094573e-07
1180	9.464570145649946e-07
1364	9.464312934532682e-07
744	9.417785369965876e-07
1781	9.384589828507054e-07
7	9.27116369097079e-07
724	9.224230961712581e-07
2622	9.186587734320206e-07
2433	8.944545635392678e-07
462	8.914188361734789e-07
306	8.890399658945078e-07
2166	8.884865203847007e-07
519	8.711738879973443e-07
1526	8.575826414147984e-07
753	8.539377639034705e-07
734	8.510263396882096e-07
2831	8.498566716723224e-07
103	8.498566716723223e-07
1924	8.393169042621516e-07
1820	8.26399663373739e-07
750	8.261792488013815e-07
2371	8.206763283572656e-07
680	8.193944349654998e-07
1346	8.190376934688204e-07
694	8.175127678932468e-07
2331	7.859031188701405e-07
883	7.718006980887517e-07
672	7.703051508536152e-07
1318	7.68462653843848e-07
2275	7.532820498913768e-07
409	7.532239132827947e-07
827	7.384407743871186e-07
1770	7.326164315242652e-07
2279	7.272636625907735e-07
2281	7.272636625907735e-07
2430	7.236852389573205e-07
2330	7.197648124008385e-07
854	7.185151860502362e-07
769	6.995367166505032e-07
1046	6.959167050649119e-07
547	6.907274662662049e-07
2069	6.835632172466137e-07
182	6.784427427692849e-07
2007	6.763459545050702e-07
2844	6.760223524666201e-07
1494	6.749715946712915e-07
2081	6.640483589235011e-07
2437	6.565210279473845e-07
2351	6.38683010117113e-07
1510	6.373500533710414e-07
1789	6.190976749701111e-07
2704	6.029024203308277e-07
638	5.84897935582147e-07
2615	5.794477306856744e-07
791	5.744081119719269e-07
756	5.681575342053404e-07
1027	5.66571114448215e-07
1472	5.619556549661686e-07
935	5.494110524011516e-07
1454	5.43863335613471e-07
578	5.408987079559629e-07
2061	5.408178819732962e-07
780	5.408178819732961e-07
2843	5.408178819732961e-07
719	5.404609022288159e-07
516	5.308365927039112e-07
2846	5.253659424883449e-07
849	5.253659424883448e-07
2143	5.250484869124897e-07
2473	5.245093996074515e-07
910	5.21502957617107e-07
1747	5.201610260917008e-07
2320	5.177197459117431e-07
2243	5.166477628940309e-07
893	5.108323028375102e-07
2538	5.080562530951907e-07
885	5.024086063191756e-07
1911	5.021880332609177e-07
515	5.004891148037009e-07
1048	4.725873964699298e-07
3	4.635581845485395e-07
25	4.635581845485395e-07
1053	4.635581845485395e-07
1395	4.635581845485395e-07
2856	4.635581845485395e-07
2857	4.635581845485395e-07
2539	4.6298809626408276e-07
1613	4.61134501971859e-07
1617	4.61134501971859e-07
1622	4.61134501971859e-07
1087	4.512286374979806e-07
1436	4.4246230243777537e-07
714	4.3704855700681673e-07
1366	4.249283358361612e-07
4	4.2492833583616115e-07
921	4.234653469743384e-07
2595	4.228947572219376e-07
2597	4.228947572219376e-07
2600	4.228947572219376e-07
2604	4.228947572219376e-07
1895	4.172023660936855e-07
1513	4.1590105658885114e-07
1452	4.090286409648773e-07
1460	4.090286409648773e-07
1959	4.0070154091683853e-07
2447	3.992409518672062e-07
2343	3.9193758940703326e-07
655	3.877750777009767e-07
142	3.8629848712378294e-07
1897	3.8629848712378294e-07
1986	3.832832410457327e-07
1993	3.832832410457327e-07
2006	3.832832410457327e-07
2010	3.832832410457327e-07
938	3.8114784062879914e-07
2443	3.799120582796565e-07
1425	3.74684639127993e-07
1828	3.6858203926603713e-07
2695	3.6698356276759383e-07
201	3.669835627675938e-07
1523	3.6433095311463204e-07
1128	3.568160854193518e-07
1440	3.5140623047288375e-07
346	3.511659973272811e-07
1102	3.511659973272811e-07
1608	3.504279133194316e-07
953	3.4766863841140467e-07
1031	3.4766863841140467e-07
1864	3.4766863841140467e-07
2723	3.4766863841140467e-07
2824	3.4766863841140467e-07
2828	3.4766863841140467e-07
2933	3.4766863841140467e-07
588	3.4491865906698887e-07
2370	3.381196561853257e-07
1783	3.2917813155822355e-07
2051	3.210420357348583e-07
2374	3.158833736397988e-07
2369	3.109680521756946e-07
1084	3.0903878969902635e-07
2834	3.0903878969902635e-07
450	3.0247829496879187e-07
1750	2.932005517269513e-07
662	2.8925057207157697e-07
1587	2.8882919135750725e-07
1240	2.8679738096311164e-07
2542	2.863359577432444e-07
806	2.7632540118817285e-07
174	2.736280950460129e-07
715	2.618686019525291e-07
2838	2.5109401663045887e-07
1724	2.4644686055263604e-07
484	2.463039704115924e-07
2427	2.446557085117292e-07
166	2.3655986053562506e-07
2359	2.3185888328897332e-07
5	2.3177909227426976e-07
1334	2.3177909227426976e-07
1335	2.3177909227426976e-07
1810	2.3177909227426976e-07
2175	2.3177909227426976e-07
2292	2.3177909227426976e-07
2301	2.3177909227426976e-07
2412	2.3177909227426976e-07
2727	2.3177909227426976e-07
2748	2.3177909227426976e-07
2795	2.3177909227426976e-07
2825	2.3177909227426976e-07
447	2.278972683750368e-07
749	2.2235507509669063e-07
643	2.1749952666808129e-07
776	2.1389052053866404e-07
1774	2.1246416791808063e-07
2367	2.1065112330124062e-07
2222	2.0517008468294828e-07
733	2.0322370401672472e-07
741	2.0157741471708515e-07
1000	1.9753161716768239e-07
535	1.9444757587926924e-07
909	1.9314924356189147e-07
6	1.9314924356189144e-07
100	1.9314924356189144e-07
384	1.9314924356189144e-07
782	1.9314924356189144e-07
867	1.9314924356189144e-07
950	1.9314924356189144e-07
1520	1.9314924356189144e-07
2068	1.9314924356189144e-07
2589	1.9314924356189144e-07
2670	1.9314924356189144e-07
2921	1.9314924356189144e-07
1442	1.902955405718685e-07
1153	1.8774215203324677e-07
2346	1.7423152987865119e-07
1444	1.7234855579368774e-07
703	1.7061516514633747e-07
2630	1.5665785953053765e-07
563	1.5594828625919655e-07
1034	1.5451939484951317e-07
2676	1.5451939484951317e-07
646	1.5424842883811015e-07
1749	1.493687483545294e-07
585	1.471334681623678e-07
770	1.4492877075183375e-07
583	1.4030777031785012e-07
584	1.4030777031785012e-07
587	1.4030777031785012e-07
637	1.4030777031785012e-07
1181	1.4030777031785012e-07
1185	1.4030777031785012e-07
1188	1.4030777031785012e-07
1205	1.4030777031785012e-07
1656	1.3906745536456186e-07
1363	1.3520447049332404e-07
2040	1.3520447049332401e-07
1473	1.332729780577051e-07
383	1.2859204851583778e-07
1430	1.2669076032566538e-07
1143	1.2507914838027543e-07
560	1.2505098543318403e-07
1929	1.2381619041837615e-07
1949	1.2361551587961055e-07
732	1.1977706170194738e-07
188	1.1588954613713488e-07
844	1.1588954613713488e-07
1062	1.1588954613713488e-07
1130	1.1588954613713488e-07
1276	1.1588954613713488e-07
1359	1.1588954613713488e-07
1360	1.1588954613713488e-07
1710	1.1588954613713488e-07
1793	1.1588954613713488e-07
1846	1.1588954613713488e-07
1891	1.1588954613713488e-07
1939	1.1588954613713488e-07
2119	1.1588954613713488e-07
2261	1.1588954613713488e-07
2501	1.1588954613713488e-07
2575	1.1588954613713488e-07
2617	1.1588954613713488e-07
2778	1.1588954613713488e-07
2786	1.1588954613713488e-07
2816	1.1588954613713488e-07
2826	1.1588954613713488e-07
2870	1.1588954613713488e-07
2874	1.1588954613713488e-07
2903	1.1588954613713488e-07
2909	1.1588954613713488e-07
2924	1.1588954613713488e-07
2932	1.1588954613713488e-07
2934	1.1588954613713488e-07
567	1.1573110082449986e-07
1745	1.1412361019599759e-07
1512	1.1037099632108084e-07
1002	1.056184657761185e-07
1609	9.850611421656466e-08
1108	9.730478086960654e-08
866	9.105607196489168e-08
511	8.560067245538696e-08
2552	8.409741475536817e-08
2334	7.93168930098291e-08
1765	7.901559963895561e-08
27	7.725969742475659e-08
781	7.725969742475659e-08
783	7.725969742475659e-08
828	7.725969742475659e-08
839	7.725969742475659e-08
865	7.725969742475659e-08
949	7.725969742475659e-08
972	7.725969742475659e-08
1101	7.725969742475659e-08
1463	7.725969742475659e-08
1751	7.725969742475659e-08
1752	7.725969742475659e-08
1753	7.725969742475659e-08
1758	7.725969742475659e-08
1800	7.725969742475659e-08
2072	7.725969742475659e-08
2273	7.725969742475659e-08
2697	7.725969742475659e-08
2083	7.627942459219194e-08
2474	7.368304350131717e-08
2450	6.877553218671996e-08
1725	6.870594520987283e-08
2332	6.405129416801729e-08
1927	6.309541956355122e-08
1462	6.197301932467106e-08
2345	5.492060265418243e-08
795	5.47561479845768e-08
678	5.39950966850477e-08
792	5.303763339708854e-08
2558	5.0884275509792417e-08
1954	4.6355818454853956e-08
2003	4.6355818454853956e-08
2553	4.506815683110801e-08
757	4.482446852025967e-08
1142	4.362382970980631e-08
759	3.882426450466519e-08
726	3.633896507509711e-08
2456	3.523823521896437e-08
1150	3.4766863841140466e-08
1434	3.311129889632425e-08
2085	3.099167408061258e-08
725	2.4926180251614342e-08
2338	2.4396290355646703e-08
639	2.3977147476648595e-08
2321	2.3798746081733057e-08
998	2.098114839121951e-08
2364	2.019069421830207e-08
787	1.545193948495132e-08
2440	1.533487933733805e-08
2606	1.533487933733805e-08
2613	1.533487933733805e-08
2614	1.533487933733805e-08
1151	1.4953489824146437e-08
2356	1.448619326714186e-08
677	1.3359282158734477e-08
1787	1.1588954613713489e-08
496	9.86675702405947e-09
794	9.180927026320668e-09
2317	9.13069151383487e-09
2329	9.13069151383487e-09
2333	9.13069151383487e-09
2339	9.13069151383487e-09
2342	9.13069151383487e-09
2348	9.13069151383487e-09
2350	9.13069151383487e-09
2352	9.13069151383487e-09
2478	8.7126195580732e-09
2607	8.7126195580732e-09
647	6.69079079005245e-09
1940	4.930926456011249e-09
1	0.0
8	0.0
9	0.0
10	0.0
20	0.0
21	0.0
24	0.0
26	0.0
28	0.0
29	0.0
30	0.0
31	0.0
32	0.0
33	0.0
38	0.0
40	0.0
43	0.0
48	0.0
49	0.0
50	0.0
71	0.0
72	0.0
78	0.0
89	0.0
94	0.0
96	0.0
106	0.0
109	0.0
114	0.0
117	0.0
120	0.0
125	0.0
139	0.0
140	0.0
143	0.0
144	0.0
146	0.0
148	0.0
153	0.0
154	0.0
155	0.0
160	0.0
161	0.0
169	0.0
171	0.0
184	0.0
187	0.0
192	0.0
194	0.0
195	0.0
197	0.0
198	0.0
200	0.0
206	0.0
207	0.0
208	0.0
209	0.0
211	0.0
212	0.0
213	0.0
229	0.0
230	0.0
245	0.0
246	0.0
251	0.0
252	0.0
253	0.0
254	0.0
255	0.0
269	0.0
270	0.0
271	0.0
272	0.0
273	0.0
274	0.0
277	0.0
278	0.0
285	0.0
299	0.0
303	0.0
334	0.0
335	0.0
336	0.0
337	0.0
338	0.0
339	0.0
344	0.0
345	0.0
348	0.0
349	0.0
350	0.0
351	0.0
354	0.0
358	0.0
370	0.0
381	0.0
382	0.0
385	0.0
386	0.0
387	0.0
388	0.0
389	0.0
398	0.0
401	0.0
402	0.0
403	0.0
413	0.0
417	0.0
418	0.0
419	0.0
420	0.0
421	0.0
422	0.0
423	0.0
424	0.0
425	0.0
426	0.0
427	0.0
436	0.0
441	0.0
466	0.0
494	0.0
562	0.0
642	0.0
644	0.0
653	0.0
661	0.0
664	0.0
665	0.0
666	0.0
673	0.0
681	0.0
682	0.0
684	0.0
685	0.0
686	0.0
687	0.0
688	0.0
689	0.0
690	0.0
695	0.0
698	0.0
705	0.0
727	0.0
752	0.0
754	0.0
760	0.0
762	0.0
774	0.0
775	0.0
778	0.0
779	0.0
784	0.0
785	0.0
786	0.0
793	0.0
798	0.0
800	0.0
802	0.0
805	0.0
819	0.0
820	0.0
821	0.0
822	0.0
823	0.0
824	0.0
826	0.0
832	0.0
835	0.0
841	0.0
843	0.0
846	0.0
847	0.0
848	0.0
850	0.0
851	0.0
852	0.0
857	0.0
858	0.0
859	0.0
860	0.0
861	0.0
862	0.0
863	0.0
864	0.0
873	0.0
874	0.0
877	0.0
879	0.0
880	0.0
881	0.0
882	0.0
886	0.0
888	0.0
890	0.0
891	0.0
892	0.0
895	0.0
896	0.0
899	0.0
901	0.0
903	0.0
904	0.0
905	0.0
906	0.0
907	0.0
908	0.0
912	0.0
917	0.0
930	0.0
932	0.0
933	0.0
936	0.0
937	0.0
940	0.0
946	0.0
948	0.0
951	0.0
952	0.0
954	0.0
957	0.0
958	0.0
960	0.0
961	0.0
962	0.0
963	0.0
965	0.0
966	0.0
967	0.0
968	0.0
970	0.0
971	0.0
973	0.0
974	0.0
975	0.0
977	0.0
978	0.0
980	0.0
981	0.0
983	0.0
988	0.0
989	0.0
990	0.0
991	0.0
993	0.0
994	0.0
995	0.0
997	0.0
999	0.0
1003	0.0
1004	0.0
1005	0.0
1006	0.0
1007	0.0
1008	0.0
1009	0.0
1012	0.0
1013	0.0
1015	0.0
1016	0.0
1017	0.0
1018	0.0
1019	0.0
1022	0.0
1030	0.0
1032	0.0
1033	0.0
1041	0.0
1045	0.0
1047	0.0
1049	0.0
1050	0.0
1051	0.0
1052	0.0
1056	0.0
1061	0.0
1063	0.0
1064	0.0
1065	0.0
1066	0.0
1067	0.0
1068	0.0
1069	0.0
1070	0.0
1071	0.0
1072	0.0
1073	0.0
1074	0.0
1075	0.0
1078	0.0
1079	0.0
1080	0.0
1081	0.0
1083	0.0
1085	0.0
1088	0.0
1098	0.0
1099	0.0
1105	0.0
1106	0.0
1107	0.0
1109	0.0
1110	0.0
1117	0.0
1118	0.0
1120	0.0
1121	0.0
1122	0.0
1123	0.0
1126	0.0
1127	0.0
1131	0.0
1132	0.0
1133	0.0
1134	0.0
1135	0.0
1136	0.0
1137	0.0
1139	0.0
1140	0.0
1141	0.0
1144	0.0
1145	0.0
1146	0.0
1147	0.0
1148	0.0
1149	0.0
1152	0.0
1155	0.0
1158	0.0
1159	0.0
1160	0.0
1164	0.0
1165	0.0
1166	0.0
1167	0.0
1168	0.0
1174	0.0
1175	0.0
1176	0.0
1177	0.0
1178	0.0
1179	0.0
1182	0.0
1183	0.0
1184	0.0
1186	0.0
1187	0.0
1189	0.0
1195	0.0
1198	0.0
1199	0.0
1200	0.0
1201	0.0
1202	0.0
1203	0.0
1204	0.0
1206	0.0
1207	0.0
1208	0.0
1210	0.0
1218	0.0
1221	0.0
1222	0.0
1223	0.0
1225	0.0
1227	0.0
1232	0.0
1233	0.0
1234	0.0
1235	0.0
1241	0.0
1242	0.0
1243	0.0
1244	0.0
1245	0.0
1247	0.0
1248	0.0
1249	0.0
1253	0.0
1257	0.0
1259	0.0
1260	0.0
1261	0.0
1264	0.0
1266	0.0
1267	0.0
1268	0.0
1269	0.0
1270	0.0
1271	0.0
1272	0.0
1274	0.0
1275	0.0
1278	0.0
1289	0.0
1290	0.0
1291	0.0
1292	0.0
1305	0.0
1309	0.0
1310	0.0
1311	0.0
1312	0.0
1313	0.0
1314	0.0
1315	0.0
1317	0.0
1319	0.0
1320	0.0
1321	0.0
1322	0.0
1323	0.0
1324	0.0
1325	0.0
1326	0.0
1327	0.0
1328	0.0
1329	0.0
1330	0.0
1332	0.0
1337	0.0
1339	0.0
1341	0.0
1342	0.0
1343	0.0
1348	0.0
1353	0.0
1355	0.0
1357	0.0
1358	0.0
1361	0.0
1362	0.0
1365	0.0
1367	0.0
1368	0.0
1369	0.0
1370	0.0
1372	0.0
1373	0.0
1376	0.0
1377	0.0
1379	0.0
1380	0.0
1382	0.0
1384	0.0
1387	0.0
1388	0.0
1392	0.0
1393	0.0
1394	0.0
1396	0.0
1399	0.0
1400	0.0
1401	0.0
1402	0.0
1403	0.0
1404	0.0
1405	0.0
1406	0.0
1412	0.0
1413	0.0
1416	0.0
1418	0.0
1419	0.0
1420	0.0
1423	0.0
1424	0.0
1437	0.0
1438	0.0
1439	0.0
1441	0.0
1443	0.0
1445	0.0
1446	0.0
1448	0.0
1456	0.0
1458	0.0
1459	0.0
1461	0.0
1465	0.0
1466	0.0
1470	0.0
1474	0.0
1475	0.0
1476	0.0
1478	0.0
1479	0.0
1480	0.0
1481	0.0
1482	0.0
1483	0.0
1485	0.0
1486	0.0
1487	0.0
1488	0.0
1489	0.0
1491	0.0
1493	0.0
1495	0.0
1499	0.0
1504	0.0
1505	0.0
1509	0.0
1514	0.0
1515	0.0
1516	0.0
1517	0.0
1519	0.0
1522	0.0
1524	0.0
1528	0.0
1533	0.0
1539	0.0
1540	0.0
1543	0.0
1544	0.0
1545	0.0
1593	0.0
1594	0.0
1595	0.0
1598	0.0
1601	0.0
1602	0.0
1603	0.0
1604	0.0
1606	0.0
1607	0.0
1611	0.0
1612	0.0
1616	0.0
1618	0.0
1620	0.0
1621	0.0
1623	0.0
1624	0.0
1625	0.0
1626	0.0
1629	0.0
1630	0.0
1631	0.0
1632	0.0
1633	0.0
1634	0.0
1635	0.0
1636	0.0
1637	0.0
1639	0.0
1640	0.0
1641	0.0
1642	0.0
1644	0.0
1646	0.0
1647	0.0
1648	0.0
1649	0.0
1650	0.0
1652	0.0
1653	0.0
1654	0.0
1655	0.0
1657	0.0
1658	0.0
1660	0.0
1662	0.0
1663	0.0
1664	0.0
1665	0.0
1666	0.0
1667	0.0
1668	0.0
1669	0.0
1670	0.0
1671	0.0
1672	0.0
1673	0.0
1674	0.0
1675	0.0
1676	0.0
1677	0.0
1678	0.0
1679	0.0
1681	0.0
1682	0.0
1683	0.0
1684	0.0
1685	0.0
1688	0.0
1690	0.0
1691	0.0
1692	0.0
1693	0.0
1694	0.0
1695	0.0
1696	0.0
1697	0.0
1698	0.0
1699	0.0
1703	0.0
1704	0.0
1705	0.0
1706	0.0
1707	0.0
1708	0.0
1709	0.0
1711	0.0
1712	0.0
1713	0.0
1715	0.0
1719	0.0
1720	0.0
1721	0.0
1722	0.0
1723	0.0
1727	0.0
1729	0.0
1730	0.0
1734	0.0
1736	0.0
1738	0.0
1740	0.0
1759	0.0
1760	0.0
1761	0.0
1768	0.0
1769	0.0
1771	0.0
1773	0.0
1777	0.0
1780	0.0
1784	0.0
1785	0.0
1786	0.0
1788	0.0
1790	0.0
1791	0.0
1792	0.0
1794	0.0
1796	0.0
1797	0.0
1798	0.0
1799	0.0
1801	0.0
1802	0.0
1806	0.0
1807	0.0
1808	0.0
1809	0.0
1812	0.0
1813	0.0
1814	0.0
1815	0.0
1817	0.0
1818	0.0
1825	0.0
1827	0.0
1829	0.0
1831	0.0
1832	0.0
1833	0.0
1834	0.0
1835	0.0
1836	0.0
1837	0.0
1838	0.0
1839	0.0
1840	0.0
1841	0.0
1842	0.0
1844	0.0
1848	0.0
1850	0.0
1851	0.0
1852	0.0
1853	0.0
1854	0.0
1855	0.0
1856	0.0
1857	0.0
1859	0.0
1860	0.0
1861	0.0
1863	0.0
1865	0.0
1866	0.0
1867	0.0
1868	0.0
1869	0.0
1872	0.0
1874	0.0
1875	0.0
1876	0.0
1877	0.0
1878	0.0
1879	0.0
1880	0.0
1881	0.0
1882	0.0
1883	0.0
1884	0.0
1885	0.0
1886	0.0
1887	0.0
1893	0.0
1894	0.0
1896	0.0
1898	0.0
1899	0.0
1900	0.0
1901	0.0
1903	0.0
1904	0.0
1905	0.0
1906	0.0
1907	0.0
1908	0.0
1909	0.0
1910	0.0
1912	0.0
1913	0.0
1917	0.0
1918	0.0
1919	0.0
1920	0.0
1921	0.0
1922	0.0
1923	0.0
1925	0.0
1930	0.0
1931	0.0
1932	0.0
1933	0.0
1934	0.0
1937	0.0
1938	0.0
1941	0.0
1942	0.0
1943	0.0
1944	0.0
1945	0.0
1946	0.0
1947	0.0
1948	0.0
1951	0.0
1952	0.0
1953	0.0
1961	0.0
1965	0.0
1966	0.0
1967	0.0
1968	0.0
1969	0.0
1972	0.0
1973	0.0
1974	0.0
1981	0.0
1983	0.0
1985	0.0
1989	0.0
1990	0.0
1992	0.0
1999	0.0
2000	0.0
2001	0.0
2002	0.0
2004	0.0
2005	0.0
2009	0.0
2011	0.0
2012	0.0
2013	0.0
2014	0.0
2016	0.0
2018	0.0
2020	0.0
2021	0.0
2025	0.0
2026	0.0
2029	0.0
2031	0.0
2032	0.0
2033	0.0
2034	0.0
2035	0.0
2036	0.0
2038	0.0
2039	0.0
2042	0.0
2043	0.0
2044	0.0
2046	0.0
2047	0.0
2048	0.0
2049	0.0
2052	0.0
2055	0.0
2060	0.0
2064	0.0
2065	0.0
2067	0.0
2070	0.0
2071	0.0
2074	0.0
2075	0.0
2076	0.0
2077	0.0
2084	0.0
2089	0.0
2090	0.0
2091	0.0
2092	0.0
2094	0.0
2096	0.0
2097	0.0
2100	0.0
2101	0.0
2102	0.0
2103	0.0
2104	0.0
2105	0.0
2106	0.0
2108	0.0
2109	0.0
2110	0.0
2111	0.0
2112	0.0
2113	0.0
2114	0.0
2115	0.0
2116	0.0
2117	0.0
2118	0.0
2120	0.0
2121	0.0
2122	0.0
2124	0.0
2126	0.0
2128	0.0
2129	0.0
2132	0.0
2135	0.0
2136	0.0
2137	0.0
2138	0.0
2139	0.0
2140	0.0
2142	0.0
2145	0.0
2146	0.0
2147	0.0
2148	0.0
2149	0.0
2150	0.0
2151	0.0
2152	0.0
2154	0.0
2155	0.0
2156	0.0
2157	0.0
2159	0.0
2160	0.0
2163	0.0
2165	0.0
2167	0.0
2168	0.0
2170	0.0
2171	0.0
2172	0.0
2173	0.0
2174	0.0
2176	0.0
2177	0.0
2178	0.0
2179	0.0
2180	0.0
2182	0.0
2185	0.0
2186	0.0
2188	0.0
2190	0.0
2192	0.0
2193	0.0
2194	0.0
2195	0.0
2196	0.0
2199	0.0
2201	0.0
2202	0.0
2203	0.0
2208	0.0
2209	0.0
2210	0.0
2211	0.0
2212	0.0
2214	0.0
2215	0.0
2216	0.0
2218	0.0
2219	0.0
2220	0.0
2221	0.0
2224	0.0
2227	0.0
2228	0.0
2229	0.0
2232	0.0
2233	0.0
2234	0.0
2235	0.0
2236	0.0
2238	0.0
2239	0.0
2240	0.0
2248	0.0
2249	0.0
2252	0.0
2253	0.0
2254	0.0
2257	0.0
2258	0.0
2259	0.0
2260	0.0
2263	0.0
2269	0.0
2271	0.0
2274	0.0
2277	0.0
2278	0.0
2280	0.0
2282	0.0
2283	0.0
2284	0.0
2285	0.0
2287	0.0
2288	0.0
2289	0.0
2290	0.0
2291	0.0
2293	0.0
2294	0.0
2295	0.0
2296	0.0
2297	0.0
2298	0.0
2299	0.0
2300	0.0
2302	0.0
2303	0.0
2304	0.0
2305	0.0
2306	0.0
2307	0.0
2308	0.0
2309	0.0
2310	0.0
2311	0.0
2313	0.0
2318	0.0
2319	0.0
2323	0.0
2326	0.0
2327	0.0
2328	0.0
2340	0.0
2344	0.0
2349	0.0
2353	0.0
2354	0.0
2355	0.0
2357	0.0
2358	0.0
2361	0.0
2363	0.0
2366	0.0
2372	0.0
2373	0.0
2375	0.0
2376	0.0
2377	0.0
2379	0.0
2380	0.0
2383	0.0
2384	0.0
2385	0.0
2386	0.0
2387	0.0
2388	0.0
2389	0.0
2390	0.0
2391	0.0
2392	0.0
2393	0.0
2394	0.0
2395	0.0
2396	0.0
2397	0.0
2398	0.0
2399	0.0
2400	0.0
2401	0.0
2402	0.0
2403	0.0
2404	0.0
2405	0.0
2406	0.0
2407	0.0
2408	0.0
2409	0.0
2411	0.0
2414	0.0
2416	0.0
2417	0.0
2419	0.0
2420	0.0
2421	0.0
2422	0.0
2426	0.0
2432	0.0
2434	0.0
2435	0.0
2439	0.0
2442	0.0
2444	0.0
2445	0.0
2446	0.0
2457	0.0
2460	0.0
2462	0.0
2465	0.0
2466	0.0
2468	0.0
2481	0.0
2484	0.0
2486	0.0
2489	0.0
2490	0.0
2497	0.0
2498	0.0
2506	0.0
2508	0.0
2509	0.0
2510	0.0
2512	0.0
2513	0.0
2514	0.0
2515	0.0
2516	0.0
2517	0.0
2518	0.0
2519	0.0
2520	0.0
2525	0.0
2526	0.0
2528	0.0
2529	0.0
2530	0.0
2531	0.0
2532	0.0
2533	0.0
2534	0.0
2535	0.0
2536	0.0
2540	0.0
2545	0.0
2548	0.0
2549	0.0
2550	0.0
2551	0.0
2555	0.0
2556	0.0
2557	0.0
2559	0.0
2560	0.0
2567	0.0
2568	0.0
2570	0.0
2571	0.0
2572	0.0
2573	0.0
2574	0.0
2576	0.0
2582	0.0
2583	0.0
2584	0.0
2587	0.0
2591	0.0
2592	0.0
2593	0.0
2605	0.0
2608	0.0
2609	0.0
2610	0.0
2612	0.0
2616	0.0
2618	0.0
2619	0.0
2621	0.0
2623	0.0
2624	0.0
2625	0.0
2626	0.0
2627	0.0
2628	0.0
2629	0.0
2631	0.0
2632	0.0
2633	0.0
2634	0.0
2635	0.0
2636	0.0
2638	0.0
2639	0.0
2640	0.0
2641	0.0
2642	0.0
2643	0.0
2644	0.0
2646	0.0
2647	0.0
2648	0.0
2649	0.0
2650	0.0
2651	0.0
2652	0.0
2653	0.0
2655	0.0
2657	0.0
2658	0.0
2660	0.0
2661	0.0
2662	0.0
2665	0.0
2666	0.0
2667	0.0
2668	0.0
2669	0.0
2671	0.0
2673	0.0
2680	0.0
2681	0.0
2682	0.0
2683	0.0
2685	0.0
2688	0.0
2689	0.0
2690	0.0
2691	0.0
2692	0.0
2694	0.0
2696	0.0
2699	0.0
2700	0.0
2701	0.0
2702	0.0
2703	0.0
2705	0.0
2706	0.0
2707	0.0
2709	0.0
2710	0.0
2712	0.0
2715	0.0
2716	0.0
2718	0.0
2719	0.0
2720	0.0
2721	0.0
2722	0.0
2728	0.0
2729	0.0
2730	0.0
2732	0.0
2733	0.0
2734	0.0
2735	0.0
2736	0.0
2737	0.0
2738	0.0
2739	0.0
2740	0.0
2741	0.0
2742	0.0
2743	0.0
2744	0.0
2745	0.0
2746	0.0
2749	0.0
2752	0.0
2753	0.0
2754	0.0
2755	0.0
2756	0.0
2757	0.0
2758	0.0
2759	0.0
2760	0.0
2761	0.0
2762	0.0
2764	0.0
2765	0.0
2766	0.0
2767	0.0
2768	0.0
2769	0.0
2770	0.0
2771	0.0
2773	0.0
2774	0.0
2775	0.0
2776	0.0
2777	0.0
2779	0.0
2780	0.0
2782	0.0
2783	0.0
2784	0.0
2785	0.0
2787	0.0
2788	0.0
2789	0.0
2790	0.0
2791	0.0
2792	0.0
2793	0.0
2794	0.0
2796	0.0
2797	0.0
2798	0.0
2799	0.0
2800	0.0
2801	0.0
2802	0.0
2803	0.0
2804	0.0
2805	0.0
2806	0.0
2807	0.0
2808	0.0
2810	0.0
2811	0.0
2812	0.0
2813	0.0
2814	0.0
2815	0.0
2817	0.0
2818	0.0
2819	0.0
2820	0.0
2821	0.0
2822	0.0
2823	0.0
2827	0.0
2836	0.0
2839	0.0
2841	0.0
2847	0.0
2848	0.0
2849	0.0
2850	0.0
2855	0.0
2858	0.0
2859	0.0
2860	0.0
2861	0.0
2862	0.0
2863	0.0
2864	0.0
2865	0.0
2866	0.0
2867	0.0
2868	0.0
2869	0.0
2872	0.0
2877	0.0
2878	0.0
2879	0.0
2880	0.0
2881	0.0
2882	0.0
2883	0.0
2884	0.0
2885	0.0
2889	0.0
2893	0.0
2894	0.0
2895	0.0
2896	0.0
2897	0.0
2898	0.0
2899	0.0
2900	0.0
2901	0.0
2902	0.0
2904	0.0
2905	0.0
2906	0.0
2908	0.0
2910	0.0
2911	0.0
2912	0.0
2914	0.0
2915	0.0
2916	0.0
2917	0.0
2918	0.0
2919	0.0
2920	0.0
2922	0.0
2925	0.0
2926	0.0
2927	0.0
2928	0.0
2929	0.0
2930	0.0
2931	0.0
2935	0.0
2936	0.0
2937	0.0
2938	0.0
