Node_Id	Betweenness_Centrality
402	0.2147942968768321
284	0.21251520234235025
277	0.19546510853156432
453	0.17511179543874308
452	0.17436583708163728
403	0.17334807836925914
401	0.16005124312476465
404	0.15645578495653015
837	0.15414032259785226
836	0.15298763319939415
835	0.15184706716440324
228	0.15091090103746874
7	0.1442936246776904
225	0.13944195673026064
223	0.13456230293472685
224	0.13399347472084744
802	0.13393649491255175
280	0.13211465453396176
364	0.12707564105921343
801	0.12599690417790502
800	0.12564484170281853
241	0.12483882217823482
799	0.1161158780176264
798	0.11507763317029829
432	0.1130402729132525
465	0.11101455210422702
297	0.10371675600723863
563	0.10314009324682358
561	0.10076750597187376
278	0.09946500733862271
8	0.09618860714288163
433	0.0842811246515982
320	0.0828146826187203
748	0.08259713675474126
866	0.0782959482812399
811	0.07618806537305517
188	0.0757772226968571
240	0.07544462908633877
709	0.07527978298209514
227	0.0709519846915864
226	0.06982669409456402
549	0.06744255216639822
253	0.06734919283989539
749	0.06698558779632609
910	0.06686570809791303
711	0.06657445419688414
504	0.06632900319177185
546	0.06487512234370517
279	0.06398422743966115
137	0.061996868538695855
246	0.06106814786655384
499	0.060833872349293605
746	0.060228325531789875
181	0.06006446112911592
747	0.058915728969199894
232	0.05886959303321106
548	0.05784002838680899
400	0.05716397139374161
90	0.05691870654380363
797	0.05633848236826512
313	0.055660799034926066
376	0.05513826938501573
233	0.05370339641009252
281	0.05354084672073837
27	0.05325885939334755
698	0.053050459857671296
562	0.05292322856154263
57	0.05190530269342513
312	0.05078558931805723
171	0.050077758591450666
93	0.04933360295693684
545	0.04912180470059098
867	0.04871258539524021
12	0.048708311965543795
868	0.04738483462831615
234	0.04642162983664381
600	0.046126488385332856
869	0.046078178513825035
148	0.045662079460815984
1019	0.04516577980361905
543	0.04503247963970299
335	0.044927221024433674
870	0.04479601159353759
149	0.044732612072813836
100	0.04382226412882962
107	0.04326623162038136
314	0.04311668694362165
319	0.04276602250271781
321	0.04265574377019608
758	0.042626481971627994
144	0.04244057350004717
292	0.042360990880209136
336	0.04200506207000468
512	0.041592590609423795
407	0.04134763400669516
236	0.040616886830013146
699	0.03984895388239669
329	0.03948503161796311
411	0.03921830073821375
479	0.03869214714013112
115	0.038203045394404916
896	0.038163599998056214
405	0.0368211310598903
203	0.036393865204330675
145	0.03629029570111304
406	0.035691136597842725
290	0.0343304557317812
46	0.03391147061520625
289	0.033195951378523714
86	0.033101624505646056
564	0.03294436151434046
265	0.03288545991284441
408	0.03270088286258411
759	0.032329602651017114
889	0.03223583185878485
288	0.03206799364153849
341	0.03180401375237389
47	0.031787016659124895
565	0.031530292399530264
217	0.031498922960389655
566	0.030320623192776498
542	0.030320009276099832
375	0.030302346986180343
315	0.03024428678847081
464	0.029650053861918567
735	0.029634594727574317
316	0.02943687078155759
559	0.029309285542370188
298	0.029224791063950404
43	0.028847238119720616
454	0.0286750349562477
141	0.028547622175951293
829	0.0282682890636593
435	0.028094103661000114
436	0.027974593078727926
633	0.027520654352631093
554	0.02748308403873161
462	0.02743034302007382
437	0.026601985866975462
91	0.026229866730290072
593	0.025844206817994188
438	0.02526987068920328
1069	0.024956908953633047
92	0.024892902207131053
604	0.024860411593039054
106	0.024832824858117407
783	0.024656030769462427
439	0.02462733242544352
310	0.024459816771468575
64	0.024441908452230772
577	0.024335954889448903
918	0.023877691750390614
287	0.023800789163377467
154	0.02373062087867013
311	0.023601707786171953
674	0.02332312524344389
337	0.023310819439150525
784	0.023231778029339817
23	0.023160608413251613
865	0.022518969569581018
796	0.02240179348189788
760	0.022208956924852946
785	0.02183080214707416
541	0.021290858559726157
795	0.02095208167849422
580	0.020903679386020984
515	0.020850264509849812
885	0.020589157683495077
264	0.01956414517125248
317	0.01940271582739046
828	0.019385258183997743
179	0.01937616376075357
907	0.019104565773164873
756	0.01894906692032527
890	0.018340305402452288
550	0.01816358085483227
262	0.018119675460419378
757	0.01805557177890541
81	0.017916765430476926
158	0.017911542120929096
827	0.017911542120929096
538	0.017686688538852968
616	0.017571845476579116
578	0.01746508302709413
204	0.01744721730013685
725	0.017224584026274976
540	0.01691570725060657
69	0.01687699813644946
338	0.01675110206202269
456	0.016728139548758895
844	0.016726604575648334
444	0.016677642351725534
155	0.016541186080190513
164	0.01652875128386419
159	0.01643491645062833
945	0.01643491645062833
826	0.01643491645062833
143	0.016389475609199494
615	0.016375269502369876
139	0.016259052802366072
339	0.016174757362793644
347	0.015941806146540623
768	0.015805943128464364
455	0.01563908399144476
377	0.015606718788310107
237	0.015602618329813663
299	0.015484052538079386
196	0.015384388383925269
614	0.015359816578360087
539	0.0152570980514247
350	0.015150914861336297
919	0.014978658030952403
160	0.014962655191175744
819	0.014955381173095444
825	0.014955381173095444
946	0.014955381173095444
140	0.014912755354187103
498	0.014622899456920326
351	0.01452995618454806
10	0.014479571340406037
342	0.014312950287697803
440	0.014120498242989794
70	0.014096947910077253
276	0.013926378966416185
603	0.01389822387875861
761	0.01375451197094593
720	0.013749351889879614
190	0.013670792544048075
824	0.013472936288330439
818	0.013472936288330439
947	0.013472936288330439
457	0.01331160749047118
105	0.013289106809530953
753	0.013275078752398722
304	0.013185745466042152
702	0.013181530429111413
424	0.013159909248019332
194	0.013040885081582746
842	0.012918452006012424
1008	0.012864103672391092
613	0.012853917349696965
701	0.012657285398338852
346	0.012655526011496129
762	0.012470065858326666
721	0.0124619719233013
767	0.012425144056102556
1118	0.012157124357701768
206	0.01201522306503845
130	0.01200649424334209
9	0.011993629018181668
99	0.011987581796333312
665	0.011987581796333312
1091	0.011987581796333312
817	0.011987581796333312
948	0.011987581796333312
13	0.011954021101338452
263	0.011922623617466169
138	0.011905625198881177
722	0.011863623319379362
612	0.011706804698433758
766	0.011663725804902941
300	0.011518741533280023
361	0.011481310137944479
352	0.011469776778165984
1031	0.011406526018698526
763	0.011285217085358307
291	0.011110460598756356
117	0.010617271241255754
197	0.010571180172914118
470	0.010564343991925807
581	0.010559692047170553
998	0.010519684947728905
305	0.010516775340496786
1090	0.010508046518800428
98	0.010499317697104068
664	0.010499317697104068
949	0.010499317697104068
816	0.010499317697104068
1131	0.010499317697104068
723	0.010484485537418093
764	0.010436731389068393
85	0.010387269619717818
191	0.0102960372986621
301	0.010093033989541355
353	0.010065648821398874
765	0.01003292940038229
84	0.010011081130547824
715	0.00999427594570497
235	0.00999196359661525
732	0.009965686263113773
490	0.009935712975577016
536	0.009845035491186432
532	0.009844413602607785
724	0.009685181255169609
150	0.009629603354506461
192	0.009579491434465168
516	0.009463516606949218
1116	0.00938606664233804
510	0.009327993069740276
247	0.009232183747516078
39	0.009193735517916097
180	0.009192540232944538
65	0.00910138568169602
1132	0.009019782419571182
97	0.009008143990642703
514	0.009008143990642703
985	0.009008143990642703
634	0.009008143990642703
663	0.009008143990642703
792	0.009008143990642703
815	0.009008143990642703
210	0.008986321936401805
218	0.008969106760278567
673	0.00884990747730709
343	0.008811052738847929
670	0.008729143443093718
302	0.00868041967834722
486	0.008590049048328089
459	0.008520870350861857
717	0.008462877971969913
186	0.008147789587801744
254	0.007891584786084406
22	0.00784968237521389
219	0.007815447492742952
848	0.007800504581315138
781	0.007785065187479154
522	0.007735565240792587
881	0.00769277936287501
551	0.007555320096965996
959	0.007553340374582835
471	0.00752013625095729
96	0.007514060676949218
131	0.007514060676949218
558	0.007514060676949218
635	0.007514060676949218
984	0.007514060676949218
662	0.007514060676949218
769	0.007514060676949218
791	0.007514060676949218
814	0.007514060676949218
1089	0.007514060676949218
211	0.007511151069717099
567	0.007465324755811213
874	0.007347404840487249
745	0.007330926801427618
270	0.007291547167850123
303	0.007291082225010031
1146	0.007213754750127424
322	0.007199338161341602
608	0.007180183247063479
682	0.007176865789503681
739	0.007176484444034688
718	0.007174937746454706
409	0.0071658713877336706
121	0.006875661231779699
434	0.006872413551186375
897	0.006867602182941489
173	0.00678835950958247
399	0.006773340531491519
1155	0.0067586238270708815
51	0.0066983241387419115
220	0.006669789645095789
156	0.006584909225814231
101	0.00653819562407051
473	0.006489949236871244
472	0.006479466730935782
849	0.006473318416746922
238	0.006465960697797683
42	0.006465784382064551
468	0.0064417878020693485
1145	0.006404633168046854
428	0.006375289165541594
521	0.006312767304286033
523	0.006188007180910649
421	0.006089755304961481
344	0.0060756755588420265
221	0.006042526819304565
782	0.0060317104959051945
547	0.0060265340857609895
643	0.006022886970487854
95	0.006021432166871794
132	0.0060170677560236144
557	0.0060170677560236144
636	0.0060170677560236144
813	0.0060170677560236144
661	0.0060170677560236144
770	0.0060170677560236144
790	0.0060170677560236144
807	0.0060170677560236144
983	0.0060170677560236144
1088	0.0060170677560236144
1119	0.0060170677560236144
37	0.005977483541094043
693	0.0059746649871946405
474	0.0059573369989622165
683	0.00583548735725023
152	0.005812253667363956
118	0.005785685015480312
68	0.0057529824703644455
323	0.005711801463920386
690	0.005644187636783574
1156	0.0054757162794880024
169	0.005468551135509487
1020	0.005464822729047832
458	0.0054644422037126794
884	0.005459091417908805
122	0.005417220606679681
412	0.005338851191733651
146	0.005312538575364309
50	0.00531246016138525
850	0.005285187231147095
14	0.005255478063016274
894	0.005253140263408832
378	0.00520625720733958
505	0.005183122772716569
517	0.0051655417905696775
229	0.005163776524223212
242	0.0050379000902359555
1033	0.005009554957299068
731	0.004994539919783187
445	0.0049665944760783195
733	0.004929541124688693
520	0.0049291116672938035
752	0.0048284164496970785
153	0.004802479620701909
119	0.00470252753527022
345	0.00469046004908369
491	0.004689284159357172
147	0.004637341924372653
734	0.004625940929107657
120	0.004536460935533604
851	0.004524906861394209
133	0.0045200748350980105
651	0.0045200748350980105
1170	0.00451716522786589
306	0.00451716522786589
976	0.00451716522786589
360	0.00451716522786589
1139	0.00451716522786589
556	0.00451716522786589
568	0.00451716522786589
582	0.00451716522786589
637	0.00451716522786589
660	0.00451716522786589
771	0.00451716522786589
789	0.00451716522786589
806	0.00451716522786589
1064	0.00451716522786589
982	0.00451716522786589
1002	0.00451716522786589
1087	0.00451716522786589
1120	0.00451716522786589
1133	0.00451716522786589
528	0.004515702132079146
965	0.004502617191705292
268	0.004494695474596737
271	0.004412490811667709
266	0.004390277196698944
239	0.004370164278543576
198	0.004325118140107145
259	0.0042758429393333
475	0.004269732321373313
324	0.004267908874980968
189	0.004245592990102723
692	0.004221096089296758
449	0.004160358476542605
480	0.0041534644868959
429	0.0041105612867438045
441	0.00409618221869996
330	0.004071182478696276
75	0.004017663421849982
669	0.0040003264053907065
72	0.003927948819575415
906	0.003927868466766853
629	0.00391301563301469
671	0.003898423734079067
708	0.003869535151449957
168	0.0038625412302995743
628	0.003855604578416389
518	0.0038256676601785412
30	0.0037992196433403454
34	0.003773760580059298
103	0.0037415162714617665
362	0.0037206602480731126
466	0.0037184591805669016
687	0.0037180309194044868
416	0.003703845729403328
754	0.003678940301500826
755	0.0036728080685821136
108	0.0036457772456188263
489	0.003644570953069083
846	0.003643228745465072
80	0.003620874623016529
576	0.00361638244724407
1074	0.003562401950188582
269	0.003553478862027739
243	0.0034897911018201095
112	0.003442450111374127
104	0.00337381083743878
863	0.0033727540860239917
681	0.0033704162775066993
267	0.0033398216534054853
728	0.003290139842653703
895	0.0032881526016522436
272	0.003268820102766714
476	0.0032600210755911146
422	0.0031915062918873313
56	0.003187418768801938
689	0.0031515402201003928
110	0.003131127143279694
529	0.0031273345478193488
987	0.003119971168883122
136	0.003118287159818893
487	0.003068746582907103
414	0.0030467335534430763
73	0.0030450967711133804
212	0.003024536717788466
460	0.003023161179002701
48	0.0030205777927175908
123	0.0030158078960921065
1129	0.0030158078960921065
461	0.0030152117163863706
89	0.003014353092476047
668	0.003014353092476047
917	0.003014353092476047
207	0.003014353092476047
555	0.003014353092476047
293	0.003014353092476047
942	0.003014353092476047
307	0.003014353092476047
359	0.003014353092476047
513	0.003014353092476047
569	0.003014353092476047
1164	0.003014353092476047
928	0.003014353092476047
583	0.003014353092476047
619	0.003014353092476047
638	0.003014353092476047
659	0.003014353092476047
935	0.003014353092476047
772	0.003014353092476047
788	0.003014353092476047
805	0.003014353092476047
873	0.003014353092476047
962	0.003014353092476047
975	0.003014353092476047
981	0.003014353092476047
1003	0.003014353092476047
1063	0.003014353092476047
1086	0.003014353092476047
1121	0.003014353092476047
1134	0.003014353092476047
1169	0.003014353092476047
161	0.0029954406454672684
413	0.002989919671512493
114	0.0029808454674112948
519	0.002969543554860815
199	0.0029590575446269292
109	0.002952308198516135
553	0.0029343905725434365
607	0.0028936043923430774
255	0.002891991985001931
442	0.0028901500209863296
481	0.002886631889485312
397	0.0028854629217660893
325	0.0028790563561824785
852	0.0028697629321303613
448	0.0028561270347448996
182	0.002851879505554779
688	0.0028315809887779833
374	0.002824501220580234
905	0.002790818207181424
508	0.0027906479558974964
477	0.002789613500673647
76	0.002789341449483311
862	0.0027852694989921618
1040	0.002771871967860202
537	0.0027632770531553115
394	0.002761537996582901
485	0.002741302438686847
331	0.002720397321184646
77	0.002720361163041199
882	0.0026518977757661825
500	0.0026479684862850297
597	0.002636462790701086
602	0.002627860265142809
956	0.002610212111752751
363	0.0025771846058500565
697	0.002573771800310911
575	0.0025546686333764185
273	0.0025448430007685833
151	0.0025184053965161307
1026	0.0025153443231669503
501	0.0025135241497854025
535	0.0025040964445484006
482	0.002469754285031775
1024	0.0024693067163549156
393	0.0024193284381257792
275	0.0024147166669281125
707	0.0023904848084556904
24	0.0023799175992220397
750	0.0023695423319380913
876	0.002352503952651881
116	0.002347181865957233
509	0.0023393839100925096
696	0.002335135513823224
102	0.002317888173435292
334	0.0023129945783856845
274	0.0022896041363371675
893	0.002284617773148102
79	0.002281233434394852
177	0.00227498780874371
858	0.002269296203419784
31	0.002251308595852646
506	0.0022486043339361283
45	0.00224304065050005
847	0.002223451940638118
244	0.002189883659659075
113	0.002187561611168571
809	0.0021572312953474413
703	0.002141713390109493
36	0.0021159006013061867
898	0.0021052454712777047
1117	0.0020893072374170867
1025	0.0020787577579873774
49	0.0020713913531258134
11	0.0020708081768179174
503	0.002064319335512022
82	0.002044270077906592
467	0.002036334745958989
420	0.0020048531133589073
1080	0.0020005605358439007
598	0.0019973941181050175
142	0.001996704468782442
995	0.0019734307137308114
1012	0.0019690687094906637
83	0.001963172902961491
686	0.00194201497752729
174	0.0019217687651149125
712	0.0019088492557784564
54	0.0018990942400606908
256	0.0018819300215780674
1016	0.0018302306465806028
530	0.0018117071443625394
691	0.001807328865849247
222	0.0017714658698222327
675	0.00174609684080273
423	0.0017335628019461882
183	0.001675255281240633
497	0.0016611249985026867
200	0.0016427512328159599
111	0.0016398954011769794
502	0.0016200866166979336
1011	0.0016192024076332272
53	0.0016164287896497833
606	0.0016068305939381242
527	0.0015949496977403022
954	0.0015708934808033124
170	0.0015567022179104602
738	0.0015540636312252893
853	0.0015504985196334068
1047	0.0015488460173952302
902	0.0015474912398035965
326	0.0015236643205533687
969	0.001523179386014682
1138	0.0015086313498540833
1109	0.0015086313498540833
1159	0.0015086313498540833
914	0.0015086313498540833
88	0.0015086313498540833
134	0.0015086313498540833
167	0.0015086313498540833
187	0.0015086313498540833
1113	0.0015086313498540833
208	0.0015086313498540833
933	0.0015086313498540833
1171	0.0015086313498540833
216	0.0015086313498540833
282	0.0015086313498540833
294	0.0015086313498540833
308	0.0015086313498540833
348	0.0015086313498540833
450	0.0015086313498540833
358	0.0015086313498540833
832	0.0015086313498540833
1006	0.0015086313498540833
950	0.0015086313498540833
1095	0.0015086313498540833
1108	0.0015086313498540833
570	0.0015086313498540833
584	0.0015086313498540833
609	0.0015086313498540833
618	0.0015086313498540833
991	0.0015086313498540833
639	0.0015086313498540833
642	0.0015086313498540833
644	0.0015086313498540833
650	0.0015086313498540833
658	0.0015086313498540833
667	0.0015086313498540833
680	0.0015086313498540833
908	0.0015086313498540833
726	0.0015086313498540833
744	0.0015086313498540833
922	0.0015086313498540833
773	0.0015086313498540833
787	0.0015086313498540833
804	0.0015086313498540833
872	0.0015086313498540833
916	0.0015086313498540833
1128	0.0015086313498540833
920	0.0015086313498540833
929	0.0015086313498540833
936	0.0015086313498540833
943	0.0015086313498540833
960	0.0015086313498540833
963	0.0015086313498540833
966	0.0015086313498540833
974	0.0015086313498540833
980	0.0015086313498540833
988	0.0015086313498540833
999	0.0015086313498540833
1004	0.0015086313498540833
1062	0.0015086313498540833
1085	0.0015086313498540833
1122	0.0015086313498540833
1142	0.0015086313498540833
1135	0.0015086313498540833
1165	0.0015086313498540833
1168	0.0015086313498540833
78	0.0015084293415288843
162	0.0015028121353898437
994	0.0015013573317737838
957	0.0014693516522204667
729	0.0014682132106605974
28	0.0014482569997875986
900	0.0014475751137341996
332	0.0014239248320059828
524	0.001416493787503625
417	0.0014161828775294762
831	0.0013980662750335332
794	0.0013958840696094434
373	0.001390792256953234
1041	0.0013776124289553583
888	0.0013705060853296128
245	0.001306369772192072
71	0.0012955436409125638
443	0.001295260152831969
601	0.0012938053492159093
6	0.0012802781391577389
431	0.0012725079301984597
860	0.0012718307626349492
257	0.0012431326814024597
904	0.0012304894268999626
469	0.0012201722542289468
1049	0.001218204054634665
230	0.0012151769010546132
879	0.0011866451880822495
419	0.0011668989513603381
38	0.0011452449399992624
484	0.001139663425863583
496	0.001111229432678507
694	0.0010996005351144114
730	0.0010954073481185553
713	0.0010898382226276042
857	0.001088287887472618
591	0.0010842081152740053
1017	0.0010813728469079714
258	0.0010811939879352566
488	0.0010636748880117055
175	0.0010586947809968163
901	0.0010373542832115988
534	0.0010280612220156396
883	0.0010133062338920618
1014	0.001006028562235282
1067	0.0009837533459447756
392	0.0009772603366650322
531	0.0009577457139060807
903	0.0009533757890153946
899	0.000950649342814146
684	0.0009482098890556791
706	0.0009308318470089858
427	0.0009284783618021316
911	0.0009278010061421811
672	0.0009257844863605094
285	0.0009194796554153378
252	0.000907312521882671
184	0.0008935996897860688
1018	0.0008858825088759707
620	0.0008820612876896297
1073	0.000872728429400305
478	0.0008351221688951079
877	0.0008176901113538613
52	0.0008160360266566169
1092	0.0008102649973280106
66	0.0007963536927000748
695	0.0007955538229384034
396	0.0007931872033026998
425	0.0007927347043118273
1046	0.0007849587201029879
594	0.0007837544263430664
714	0.0007650380894796641
185	0.0007622029462632435
1079	0.0007612067225788037
32	0.0007598924221219378
677	0.0007577665857153224
676	0.0007569955430284764
596	0.0007447592395971684
418	0.0007405239259110045
19	0.0007404950405744729
430	0.0007162279748105884
887	0.0007123617641238163
231	0.0007054794674478616
492	0.0006928512314195297
25	0.0006858885989923788
176	0.0006663662113771532
704	0.0006619356453072428
710	0.0006614507107685533
395	0.0006598274584154011
261	0.0006595837127946101
740	0.000639372928163838
483	0.0006076353406551548
719	0.0005738466291600273
67	0.0005690932642270146
178	0.000563834742235031
260	0.0005356101979793815
446	0.0005105310000869674
410	0.0005060646729139107
878	0.000489958629904636
1066	0.0004866385982992356
685	0.00046843470747886916
44	0.0004640472430029267
26	0.0004582837951557235
627	0.0004538987282106788
1150	0.00045200934864264206
891	0.0004509906456206178
286	0.00044721355921307235
626	0.00043207667396978085
507	0.00042905422441290786
892	0.0004284136364729007
736	0.00041578742152363575
1153	0.0004084417630894241
625	0.00040734501249676305
1015	0.00040559304932113766
41	0.00040053674473164186
201	0.00038056361552241857
624	0.0003797037437916256
202	0.00037737605800592977
193	0.00036862490290808593
18	0.0003680653148631466
808	0.0003661255767084002
415	0.00036126330666398627
856	0.0003599196741834416
623	0.00035933649316678744
605	0.00034406105519815887
737	0.0003373689585642834
74	0.00032998026711092876
1110	0.0003219566713029665
875	0.000321237380213664
1082	0.0003191800040430768
195	0.000318667167364786
333	0.00031671421103436685
494	0.000316559068443231
495	0.000316559068443231
533	0.0003159348519543347
1044	0.0003103975161498664
854	0.00030916308750338935
328	0.00030744849752731876
55	0.0002973405513929069
1051	0.00028897249160335847
370	0.00028659631236379403
172	0.0002767359928921689
741	0.00027116384797311457
864	0.00026934074117719803
447	0.00026307698723749276
388	0.00024004259664987823
389	0.00024004259664987823
17	0.00023567818580169864
592	0.00021676573879292034
426	0.00021549132349200724
996	0.00020869850636005488
327	0.00020779444982721784
369	0.00020221770263232166
1124	0.0001987541335021113
387	0.00019785329178414207
912	0.0001944951201037372
560	0.0001843485416869906
1030	0.00017266733886566471
390	0.00016730241584688482
931	0.0001566338559957792
386	0.00015275437968628616
1154	0.000145461887909275
955	0.0001447529597979569
859	0.00014152224774327903
398	0.0001325707114225222
751	0.0001247494100771339
2	0.00012074870013296905
1042	0.00011146220371712026
823	0.0001047458603563105
840	0.0001047458603563105
385	0.0001047458603563105
526	0.00010304858947090731
493	0.0001019955887583306
855	8.728821696359208e-05
367	8.583341334753222e-05
35	7.577700462837897e-05
4	7.419498441905327e-05
793	7.419498441905327e-05
590	6.983057357087367e-05
705	6.6193564530724e-05
830	6.59510972613807e-05
589	6.546616272269407e-05
40	5.950036577289701e-05
382	5.819214464239472e-05
775	5.819214464239472e-05
588	5.819214464239472e-05
511	5.504007014093167e-05
16	5.382773379421512e-05
20	5.382773379421512e-05
384	5.382773379421512e-05
822	5.382773379421512e-05
839	5.382773379421512e-05
587	5.237293017815525e-05
381	4.800851932997565e-05
621	4.479582801117678e-05
880	4.368856081450899e-05
3	3.927969763361644e-05
380	3.4915286785436836e-05
1101	2.909607232119736e-05
1102	2.909607232119736e-05
1100	2.6186465089077625e-05
1103	2.6186465089077625e-05
595	2.2791923318271265e-05
1099	2.0367250624838154e-05
1104	2.0367250624838154e-05
366	1.8912447008778284e-05
379	1.8912447008778284e-05
33	1.8669979739434974e-05
126	1.7457643392718418e-05
525	1.3820634352568747e-05
1010	1.3214466179210466e-05
163	1.3093232544538813e-05
1057	1.3093232544538813e-05
1056	1.1638428928478945e-05
1058	1.1638428928478945e-05
1098	1.1638428928478945e-05
1105	1.1638428928478945e-05
552	1.091102712044901e-05
1161	8.728821696359209e-06
958	8.728821696359209e-06
968	8.728821696359209e-06
125	7.27401808029934e-06
127	7.27401808029934e-06
1055	7.27401808029934e-06
1059	7.27401808029934e-06
29	5.819214464239472e-06
843	5.819214464239472e-06
249	5.819214464239472e-06
1009	5.819214464239472e-06
778	5.819214464239472e-06
62	4.3644108481796045e-06
573	4.3644108481796045e-06
128	4.3644108481796045e-06
214	4.3644108481796045e-06
250	4.3644108481796045e-06
777	4.3644108481796045e-06
779	4.3644108481796045e-06
572	2.909607232119736e-06
654	2.909607232119736e-06
655	2.909607232119736e-06
925	2.909607232119736e-06
926	2.909607232119736e-06
939	2.909607232119736e-06
940	2.909607232119736e-06
59	1.454803616059868e-06
647	1.454803616059868e-06
810	1.454803616059868e-06
993	1.454803616059868e-06
1050	1.454803616059868e-06
1	0.0
5	0.0
15	0.0
21	0.0
1078	0.0
631	0.0
1036	0.0
58	0.0
60	0.0
61	0.0
63	0.0
1144	0.0
630	0.0
1037	0.0
632	0.0
1143	0.0
87	0.0
94	0.0
124	0.0
1149	0.0
129	0.0
372	0.0
678	0.0
135	0.0
157	0.0
165	0.0
599	0.0
166	0.0
1032	0.0
1083	0.0
205	0.0
932	0.0
248	0.0
209	0.0
213	0.0
215	0.0
834	0.0
251	0.0
1125	0.0
1126	0.0
283	0.0
296	0.0
295	0.0
309	0.0
318	0.0
340	0.0
349	0.0
977	0.0
354	0.0
355	0.0
356	0.0
357	0.0
611	0.0
365	0.0
368	0.0
371	0.0
986	0.0
383	0.0
861	0.0
391	0.0
1029	0.0
953	0.0
973	0.0
451	0.0
1045	0.0
463	0.0
1068	0.0
1052	0.0
1048	0.0
1053	0.0
951	0.0
622	0.0
1112	0.0
544	0.0
742	0.0
571	0.0
574	0.0
579	0.0
585	0.0
586	0.0
812	0.0
820	0.0
1072	0.0
610	0.0
716	0.0
617	0.0
841	0.0
992	0.0
640	0.0
641	0.0
645	0.0
646	0.0
648	0.0
649	0.0
652	0.0
653	0.0
656	0.0
657	0.0
666	0.0
679	0.0
1043	0.0
886	0.0
1081	0.0
700	0.0
845	0.0
727	0.0
743	0.0
1157	0.0
774	0.0
776	0.0
780	0.0
786	0.0
803	0.0
821	0.0
833	0.0
838	0.0
997	0.0
1027	0.0
871	0.0
1028	0.0
1023	0.0
1065	0.0
909	0.0
913	0.0
915	0.0
921	0.0
923	0.0
924	0.0
927	0.0
930	0.0
934	0.0
937	0.0
938	0.0
941	0.0
944	0.0
952	0.0
961	0.0
964	0.0
967	0.0
970	0.0
971	0.0
972	0.0
978	0.0
979	0.0
989	0.0
990	0.0
1001	0.0
1000	0.0
1005	0.0
1007	0.0
1013	0.0
1021	0.0
1022	0.0
1034	0.0
1035	0.0
1038	0.0
1039	0.0
1054	0.0
1060	0.0
1061	0.0
1070	0.0
1071	0.0
1075	0.0
1076	0.0
1077	0.0
1084	0.0
1115	0.0
1093	0.0
1094	0.0
1096	0.0
1097	0.0
1106	0.0
1107	0.0
1111	0.0
1114	0.0
1123	0.0
1127	0.0
1130	0.0
1140	0.0
1136	0.0
1137	0.0
1141	0.0
1147	0.0
1148	0.0
1151	0.0
1152	0.0
1158	0.0
1160	0.0
1162	0.0
1163	0.0
1166	0.0
1167	0.0
1172	0.0
1173	0.0
1174	0.0
