Node_Id	Closeness_Centrality
53	0.40100495458817237
65	0.3936359661193277
57	0.3921302547735161
59	0.3877862016944255
308	0.3852360038843293
69	0.38338366033686894
51	0.37698889741819513
223	0.37516579073874495
134	0.37384650494166943
297	0.37089978872491763
218	0.37042114659209413
67	0.37018228848879775
366	0.36999142368421467
623	0.36738685075414534
225	0.3669641351242825
259	0.3669172267598284
12	0.3661683205692228
268	0.3654689922258897
267	0.3645870017708799
411	0.3632489831614955
14	0.3623776625353033
378	0.3617383068610129
373	0.3603758273624781
412	0.3598788195764967
220	0.359428182437032
15	0.35870950574133187
379	0.35458844532947964
292	0.3540635826991658
45	0.3536709542806971
260	0.3529316937098411
307	0.35228196673320294
217	0.3520227452712948
237	0.3506466485392301
135	0.3506038188520994
405	0.3506038188520994
620	0.3506038188520994
262	0.3504326046810081
293	0.3502615576500473
331	0.3485602264653476
239	0.3483487214735604
258	0.34771574378463205
323	0.34674963335855735
56	0.34583053794483587
406	0.3457472253604117
238	0.3452897227164848
68	0.34446099423282583
312	0.34380087015716104
55	0.34297926454082184
451	0.3424473234242588
63	0.34236563274596105
54	0.34232480202052923
322	0.3414696008734401
91	0.34094232865448837
621	0.3409018366914653
227	0.34017462253402914
243	0.3397317392522355
364	0.33900950335917535
137	0.3389294444376122
132	0.3381309300202777
233	0.33805128547192764
83	0.3379318889736446
138	0.3378921088807696
481	0.33765362486085604
224	0.33658459954762404
628	0.33438880066893495
330	0.33392199452560933
222	0.3338831528372848
291	0.3334952323622793
626	0.3333403164489766
66	0.33326291245119444
18	0.3328764310497666
296	0.33283783220572094
374	0.33283783220572094
13	0.332529363408496
328	0.33222146584978446
595	0.33210615121394627
219	0.3318757619311062
167	0.33183739479099855
473	0.33183739479099855
773	0.3317990365208805
343	0.3312629503683944
61	0.3311865080122462
486	0.3307667048792507
488	0.3306143129396611
554	0.330120007468906
62	0.32993028332668245
610	0.32947583390061264
448	0.3287965022843227
444	0.3285330737028886
241	0.3280824625605369
310	0.32767048686554084
619	0.32755830936233454
126	0.3271103663751724
216	0.3258478221071788
636	0.32551524891609634
311	0.3251465184574238
133	0.325109691351471
593	0.32470514309300197
446	0.3246684158966336
176	0.32426496440828484
289	0.3238259775431112
568	0.32364341695141924
359	0.3234246157681282
365	0.3233881776636027
618	0.3232789125962538
314	0.3230606038201618
807	0.32251611965641996
616	0.3224798859613681
612	0.32229883953987626
313	0.3221179962902186
377	0.3220457158018779
316	0.32197346774449104
231	0.3211808733290968
326	0.3211808733290968
16	0.32114493901791646
265	0.32107309451254334
257	0.3208577537382224
397	0.32060688762896655
399	0.3201063304273601
541	0.31999927145397294
128	0.3197141306462617
41	0.3196429248265187
392	0.3194650489640665
602	0.3194650489640665
624	0.31939395403829285
315	0.3193584184403802
663	0.3192873709613056
410	0.3192163550869815
598	0.31907441806826786
506	0.3189680481100275
1114	0.3188617490493376
483	0.31872012713103903
290	0.31864936333727106
1113	0.31847259125065325
445	0.3184019373202593
934	0.3183666221098201
617	0.3182254395722991
309	0.3180843821966021
324	0.31790823623237763
596	0.31759166463179217
221	0.31724065704488696
376	0.3164711648227274
614	0.31643627658936585
362	0.3157053964960556
178	0.31553187478752753
431	0.31553187478752753
64	0.31535854372029637
341	0.31480516176158563
175	0.3141161594377476
497	0.3139100464722373
295	0.31387572060602925
482	0.31339594551175215
58	0.31329332732396176
772	0.313054146029244
460	0.31302000708202155
604	0.3129858755797773
487	0.3127471633190388
607	0.3127130912890443
301	0.31261091972796096
622	0.31254284243707947
505	0.3124747947901304
534	0.31220290025474634
591	0.3120332063204846
625	0.31199928966762364
816	0.31196538038714683
477	0.31189758393373224
815	0.31189758393373224
380	0.3117282216487986
52	0.31162669253524455
113	0.31145762423417295
555	0.31145762423417295
469	0.31135627128128185
814	0.3111537631373591
320	0.3110526078177435
1115	0.31095151824744205
630	0.3108168343196684
813	0.3107158979153645
1457	0.31068226701397744
434	0.3105478161789611
597	0.31048063439071255
302	0.31031280702077163
615	0.3101116535157884
118	0.30987730378302253
234	0.30920968059271114
342	0.3091763749399114
172	0.3086112745879086
613	0.30831293930635206
503	0.3081805309149815
594	0.3081143693583231
552	0.30804823620327726
476	0.3076850107130601
491	0.30761906172351705
480	0.3074543128686951
369	0.30728974038562656
589	0.30728974038562656
658	0.30728974038562656
319	0.3072568470287024
464	0.3072568470287024
478	0.3070924858181382
360	0.30705963467502545
475	0.30699395346974734
743	0.30689548433039
470	0.30682987332358497
608	0.3067970783392623
130	0.30660045555886967
1097	0.3065022386483863
572	0.30620796511010645
452	0.30617530292716133
458	0.30617530292716133
318	0.3057187629078856
457	0.3057187629078856
631	0.3056536540242932
329	0.3055885728672562
461	0.30549100308026156
367	0.3054584936620344
317	0.30539349557848045
609	0.3053285251507433
266	0.3052311213251954
471	0.3050689196452479
629	0.3050040872321897
564	0.30493928236929113
1503	0.304874505038995
449	0.3048421266930902
553	0.3048421266930902
215	0.3047773906288105
913	0.30458334729861397
443	0.3045187210844619
1576	0.3044864182605429
569	0.3042604902419056
502	0.3042282421772271
1089	0.3041960009476619
707	0.30406710433709083
927	0.3040026969860345
592	0.3039383169146693
454	0.30390613710345554
416	0.30387396410566775
1282	0.30387396410566775
571	0.3037453402055172
657	0.3036168251472538
543	0.30358471337304466
429	0.30352051019796317
1213	0.3034242563363782
232	0.30339218528085166
504	0.303360121004242
627	0.30319990122976
1578	0.3030398506062223
173	0.30291193171613945
606	0.30287996886590035
474	0.3028480127603015
430	0.3026245086918437
1273	0.30249694013511835
771	0.3024650647989608
570	0.3024331961797638
1212	0.3024013342754043
325	0.3023694790837604
548	0.30224212540193085
546	0.3019242100496621
509	0.3017972310947469
766	0.3017655030426974
736	0.30170206694788076
574	0.30163865751808927
294	0.30148025049281985
633	0.3014485890508441
455	0.3013220097566804
489	0.3012903815411082
1408	0.30125875996454005
634	0.30100602610550936
914	0.3009744641860268
590	0.30075371594112926
1256	0.3007222069085529
242	0.3005332912723419
472	0.3004074793241379
1255	0.3004074793241379
131	0.3002817726689128
170	0.30021895878486954
557	0.299905283140961
599	0.2998113082245809
803	0.2998113082245809
1427	0.29968609991043405
603	0.29959226228390956
1284	0.29959226228390956
456	0.2995297365065363
368	0.2994359967600811
465	0.2994359967600811
545	0.29924869317578584
586	0.2989059111675661
1252	0.2989059111675661
2449	0.2987192699492286
528	0.29847077726340204
649	0.29847077726340204
721	0.29847077726340204
551	0.29840871867576024
492	0.2982846788883028
532	0.2982536850521756
767	0.2981297740903757
432	0.2979441005752686
651	0.29791317747193957
79	0.2977277735652046
566	0.2974809270330747
580	0.2972960605843747
179	0.29726527184570606
769	0.2970499291050541
437	0.297019191322655
1548	0.2968963037796998
544	0.29686559778075683
575	0.29686559778075683
180	0.2968042048332269
559	0.29674283727304224
529	0.29662017825174514
1426	0.2965895293389272
485	0.29652825051055137
600	0.29646699699877477
340	0.29625280884943106
650	0.29625280884943106
811	0.29616110864033607
2454	0.2961000066992096
522	0.2958863483086422
2453	0.29585585084952976
300	0.2957643961815701
228	0.29564254454033756
577	0.295612097316389
581	0.295612097316389
565	0.29549037110789966
601	0.29542954558893963
453	0.29536874510620886
808	0.2951864937209109
561	0.2951561403539473
526	0.29506511769553223
763	0.2950347892838049
1280	0.2948529496602093
479	0.2947318477196979
433	0.2946713340460053
573	0.29464108652660004
713	0.2945806101131094
810	0.29439932973765515
926	0.29439932973765515
304	0.2943389525166261
1239	0.29424843310529347
1283	0.29424843310529347
1294	0.29424843310529347
508	0.29391700439710605
298	0.2938267442872492
790	0.2938267442872492
660	0.29367643390036197
1344	0.29364639027541045
240	0.293586321462835
871	0.2933762740128922
579	0.2933163156491046
611	0.29325638178812197
549	0.2932264240414892
1028	0.29316652690656086
2431	0.29304680601757405
1529	0.2929271828698987
450	0.29274793115167136
1546	0.29265838753488355
1535	0.2925688986792516
321	0.2924496653023064
523	0.2923305290703878
818	0.2922709973467201
226	0.29218174520990814
558	0.29209254756712505
1556	0.29209254756712505
720	0.2920034043684779
122	0.291973702059011
327	0.291973702059011
632	0.291973702059011
1001	0.291973702059011
1567	0.29191431556413483
463	0.29176595496464097
1196	0.2917363009393371
1086	0.2916177450921607
530	0.291588121184695
576	0.291588121184695
518	0.2915585032952908
2473	0.2915585032952908
675	0.29146968571711385
924	0.29144009188162634
1094	0.29129221280110995
605	0.29105591816488924
1281	0.2908789486159442
1551	0.2908789486159442
582	0.2908200065797505
361	0.29061389743263516
2452	0.29061389743263516
931	0.2905256543463702
1215	0.290437464832757
1936	0.29037870156217876
375	0.2903493288430242
578	0.2903493288430242
585	0.2902612463284597
1570	0.2902025543364814
710	0.2901732172404102
1562	0.2901732172404102
1568	0.290055928146942
467	0.2900266206872929
1566	0.28988017218159334
588	0.28982163418236445
129	0.2897923740476666
1591	0.2896461619517798
1525	0.2896169372356107
1561	0.289587718416277
1589	0.289587718416277
2463	0.289587718416277
817	0.2895585054919941
1579	0.2895585054919941
770	0.28950009732144605
1569	0.28947090207161535
136	0.2894417127097043
587	0.2894417127097043
637	0.28938335164251816
468	0.28935417993368323
583	0.28935417993368323
395	0.28917927311526676
635	0.28917927311526676
1285	0.28906278599618707
396	0.2890045776220436
711	0.2890045776220436
567	0.28891730900273155
261	0.2888300930712555
584	0.2888300930712555
393	0.28877197836440016
1192	0.28871388703904016
1040	0.28859777447638624
1111	0.28859777447638624
1957	0.28859777447638624
1428	0.2885687609271275
533	0.2885397532109105
440	0.288423780641292
1116	0.288423780641292
1590	0.288423780641292
2437	0.2883368623749008
742	0.2882210528107378
915	0.2881921149540299
1956	0.2879897125456143
563	0.28796082112180355
357	0.28790305566119734
127	0.28787418162091444
1096	0.28787418162091444
2436	0.28787418162091444
1541	0.2878453133716544
765	0.2878164509116753
737	0.2877875942392358
332	0.2877298982500138
2433	0.28770105892975223
498	0.2876722253900719
735	0.28761457564550474
1092	0.2874705523226978
1915	0.287441764965165
1112	0.28735543747543674
394	0.28732667316738114
442	0.28732667316738114
1581	0.28732667316738114
796	0.2872979146173694
495	0.2872691618236727
654	0.2871829379631954
400	0.2870967658473832
521	0.2870967658473832
2080	0.2870967658473832
501	0.28703934649421375
1095	0.2870106454296708
1940	0.28695326051605896
428	0.2868958985449413
939	0.28680989857535344
900	0.2867812433751761
490	0.2867525939003135
462	0.2866666798104602
1565	0.2866666798104602
1340	0.28655220774105394
1421	0.28649500598284633
2432	0.28643782705739324
404	0.2864092461526779
1431	0.2864092461526779
547	0.28626642714093326
2450	0.286209339409925
1455	0.28618080408196783
1496	0.2861522744434391
2098	0.2860382127495902
391	0.28600971153269605
1563	0.28595272613490114
390	0.2858957634404519
1564	0.2858672906027425
1422	0.28581036193788084
2472	0.28572501144158247
1076	0.285639711905875
1575	0.28555446328513107
1499	0.28552605838477446
1571	0.28552605838477446
1554	0.2854976591348854
645	0.2854124952711681
263	0.28535574758347126
1580	0.28535574758347126
562	0.2852990224572247
347	0.2852423198789762
1090	0.2852423198789762
812	0.28521397704115037
700	0.28515730825969976
1582	0.28510066199266365
1547	0.2850723472978586
2497	0.2850440382266273
768	0.28501573477729497
928	0.28501573477729497
2606	0.28501573477729497
804	0.28490257716547274
363	0.2848460320474484
755	0.2848460320474484
346	0.28478950937018926
1550	0.28478950937018926
734	0.28476125644267236
1577	0.28476125644267236
764	0.28473300912033905
1103	0.2847047674015213
1553	0.2847047674015213
2630	0.2847047674015213
1172	0.28464830076776454
1088	0.28462007584949306
1224	0.28459185652807234
1534	0.28456364280183777
1173	0.28450723212827217
1010	0.2844790351776152
1552	0.2844508438154928
1190	0.2844226580402435
929	0.28436630324372275
1352	0.284338134219132
1230	0.2843099707747759
2494	0.28428181290899646
2	0.2841411072007659
1925	0.2841411072007659
1573	0.2840005407086314
683	0.28397244409795586
358	0.28394435304601223
1102	0.28388818761172363
679	0.2838601132260816
1209	0.28383204439257764
408	0.28380398110956473
1229	0.28363571787965786
299	0.2835516610631372
284	0.2835236531946007
1409	0.2835236531946007
1592	0.2834956508584827
1169	0.2834676540531441
2082	0.2834676540531441
1493	0.28332775293082
415	0.28329978927577354
1191	0.28329978927577354
748	0.2832159314200432
1549	0.28307627859389917
1584	0.28307627859389917
723	0.2830204560187476
1574	0.2829925529865067
943	0.28285312031357285
648	0.28276952664192073
115	0.28274167306364634
353	0.28274167306364634
982	0.28274167306364634
1498	0.28263031360202223
2477	0.28257466675941495
809	0.28254685155449727
722	0.28249123756934724
1038	0.2824356454730038
1638	0.2824356454730038
2649	0.28238007525254677
520	0.28235229834174086
527	0.28229676091091044
1942	0.28207482949510004
2496	0.2820194011536783
484	0.28190860979592786
2438	0.28185324675394124
802	0.28182557338656233
119	0.2817425858796759
181	0.28171493423713195
123	0.2816872880217996
788	0.28157675740064136
2474	0.2815491382974142
1254	0.28152152461182206
1154	0.28146631348716783
17	0.28138353739262206
1429	0.2813559561793901
671	0.28130080997080925
2456	0.28130080997080925
1410	0.28113550097376466
1449	0.2810529193128501
306	0.28086041731332073
1350	0.28086041731332073
264	0.2808329385522099
1464	0.2808054651674953
1425	0.28077799715759927
1415	0.2807505345209446
1124	0.2807230772559548
806	0.2806956253610539
902	0.2806681788346668
1560	0.2806407376752188
1555	0.2806133018811357
1037	0.2805584463827717
1087	0.2805584463827717
1093	0.2805584463827717
1433	0.28053102667534574
512	0.2804762033361479
525	0.2803118618107556
2487	0.2802844902785019
76	0.28020240774523014
1430	0.28017505758342
550	0.28009303912394
805	0.2800110686705822
2430	0.2800110686705822
407	0.2798472716137406
1091	0.2798472716137406
2079	0.2798472716137406
1432	0.2798199907332948
1043	0.2796564170832168
214	0.2796291733991366
1501	0.2796291733991366
1502	0.2796291733991366
536	0.2795747019520929
758	0.2795747019520929
1044	0.2795747019520929
1583	0.2795202517228686
652	0.279465822699069
1045	0.279465822699069
1468	0.2794114148683089
1484	0.2793570282182129
196	0.27922115417725074
1157	0.2791396931772963
1572	0.2791396931772963
2488	0.2791125500721643
2492	0.2790854122452249
656	0.27892269603946535
1492	0.27892269603946535
655	0.2788684994600347
1193	0.27884140906762556
1588	0.2787872440697492
761	0.2787601694612157
1456	0.2787601694612157
1497	0.2787060360172966
1477	0.27862487526132185
1051	0.2785437617605179
1467	0.2785437617605179
1500	0.2785167344209332
2479	0.27843568386285167
1977	0.2784086774919629
1504	0.2783816763594353
1559	0.2783816763594353
1469	0.2783546804637449
1558	0.27824674921889664
1643	0.27821977948455345
1680	0.27821977948455345
2087	0.27811195280904344
794	0.27805807080714307
638	0.2779772869399707
2088	0.2779772869399707
747	0.277950369414364
537	0.27792345710129135
1933	0.27792345710129135
2451	0.2778696481066929
1036	0.27784275142214093
1250	0.2777083460663833
2491	0.27760091537158005
531	0.277574070683893
1272	0.277520396881189
174	0.27749356776316103
2078	0.27741311152431986
2083	0.2773327019267766
303	0.27727912142022193
666	0.2772523389299853
73	0.2771185040492506
676	0.27709175257670987
1197	0.27709175257670987
195	0.2769580726497624
1231	0.2769580726497624
1262	0.27674445284825855
1194	0.2765311623258322
2493	0.2765311623258322
662	0.27650452412504933
1645	0.27637141006567856
2086	0.27626501106276585
2085	0.2761586939524858
2343	0.2761321274595611
229	0.2760524586403287
1170	0.27591977938499834
2594	0.2758402330330711
1532	0.275734242549677
1585	0.27562833348781807
539	0.2755489550678831
799	0.27544318826812564
1351	0.2753903353105764
2360	0.27528469022174523
494	0.27520550958218004
2315	0.27520550958218004
2081	0.2751791261568534
2455	0.27499458372697233
2495	0.274968240726328
2489	0.27491556986324467
2490	0.27491556986324467
2476	0.2748629191747714
2448	0.2748366013923916
1144	0.27481028864931906
2464	0.27481028864931906
1216	0.27475767827530756
1338	0.27475767827530756
2478	0.2747313806414757
116	0.27465251793533035
2536	0.2744949282721753
2066	0.2744686809085999
2125	0.2744686809085999
2319	0.27441620123729804
1148	0.2742850898176911
1142	0.27425888256660974
1263	0.2742326803231239
2475	0.27420648308579837
2063	0.2741802908531988
2143	0.27397093299056385
2065	0.2739447857360314
2356	0.27389250619676886
2353	0.27384024660772155
305	0.27368358742774
2317	0.2736574949892399
108	0.27363140752546594
1147	0.27357924751640655
560	0.2733968439796302
2316	0.2733708061849655
2324	0.2733708061849655
2330	0.27334477334940843
2334	0.27334477334940843
2332	0.27329272254995124
2351	0.2732406915699322
1220	0.27321468350867484
2056	0.27321468350867484
870	0.2731366890229458
2335	0.27300679712213594
2325	0.2729808335655861
285	0.27292892126482243
759	0.2729029725177921
2367	0.27287702870445263
872	0.27282515587321904
1659	0.2727992268525126
2314	0.2727473835938937
2440	0.2727473835938937
2434	0.2726955600363042
639	0.27266965564188633
2554	0.2726437561685161
2333	0.2726178616147913
2348	0.2726178616147913
1146	0.2725919719793103
760	0.2725660872606721
1527	0.2725660872606721
2344	0.27254020745747604
1507	0.27230751019278415
2329	0.27228167946709714
2350	0.27228167946709714
918	0.27220421668488737
2346	0.27220421668488737
1145	0.2719720925660543
2359	0.27189480581056524
2544	0.27189480581056524
2341	0.27181756296800547
1644	0.27179182510577954
2338	0.27179182510577954
2322	0.2717660921172257
2459	0.2717660921172257
659	0.27174036400095974
641	0.27171464075559804
2364	0.27168892237975745
2483	0.2716632088720554
2607	0.27163750023110983
1180	0.2716117964555391
1279	0.2716117964555391
2633	0.27135502599188294
493	0.27132937564440285
2342	0.27132937564440285
1557	0.2713037301457597
2320	0.2713037301457597
2339	0.2712780894945787
2352	0.2712780894945787
2340	0.2712524536894857
2357	0.2712268227291068
2331	0.27112434730727664
2349	0.27112434730727664
1937	0.27109874054988076
2563	0.27091962859293417
1233	0.27089406048906545
1994	0.27089406048906545
1205	0.27076629232545396
1181	0.27074075315432344
1185	0.27074075315432344
1188	0.27074075315432344
2620	0.27074075315432344
556	0.2707152188005411
661	0.27056211376587214
670	0.2705366130953947
235	0.2704091818127308
1202	0.2704091818127308
2537	0.2703327806500412
2596	0.2703073231888255
1596	0.27020554127291135
1615	0.27020554127291135
1610	0.2701546790533777
1536	0.2701292551234837
2362	0.2701292551234837
1987	0.27002760723820673
1988	0.27000220721871293
2345	0.27000220721871293
1619	0.26997681197725143
2381	0.26997681197725143
2347	0.26992603582303343
2556	0.26992603582303343
2559	0.26987527876477413
1182	0.26972312205808474
1183	0.26972312205808474
1184	0.26972312205808474
1186	0.26972312205808474
1187	0.26972312205808474
1189	0.26972312205808474
1195	0.26972312205808474
1198	0.26972312205808474
1199	0.26972312205808474
1200	0.26972312205808474
1201	0.26972312205808474
1203	0.26972312205808474
1204	0.26972312205808474
2613	0.269672441276037
2614	0.269672441276037
2632	0.2696471080265042
1982	0.2696217795361767
2010	0.269571136827774
1600	0.26954582260701826
2354	0.26954582260701826
2355	0.26954582260701826
2361	0.26952051314010683
709	0.26941932278413155
1995	0.26941932278413155
1960	0.2693940370663667
1586	0.2693182083826363
1226	0.26926767963809917
1219	0.26919192206153403
538	0.269141440688433
746	0.269141440688433
1991	0.269141440688433
1976	0.2689649048858824
1986	0.26893970438884457
1993	0.26893970438884457
2057	0.26886413122350483
1228	0.2688389496058947
640	0.2687634330470166
1970	0.26868795890125785
510	0.268662810271634
2358	0.2685622628127
2538	0.2685120173004806
1587	0.26843668427402395
2127	0.26843668427402395
2318	0.26843668427402395
2133	0.2683864857355902
1614	0.2683613935061834
2130	0.2683363059682282
2131	0.2683363059682282
2134	0.2683363059682282
1293	0.2682861449614111
2006	0.2682861449614111
717	0.2682610714899194
1622	0.2682610714899194
1613	0.26818587918734355
1617	0.26818587918734355
731	0.2681357743990787
2365	0.2681107290250455
2323	0.26808568832933016
2337	0.26808568832933016
2336	0.26803562096761024
2321	0.26801059429898577
2145	0.2679605549796618
1979	0.2679355423263453
1639	0.267910534342182
2099	0.267910534342182
2141	0.267910534342182
2366	0.267910534342182
2142	0.267860532376086
2721	0.267860532376086
1149	0.26783553839154034
2550	0.26783553839154034
2191	0.2678105490709216
511	0.2677855644129245
70	0.2677605844162442
2213	0.26773560907957633
2326	0.26773560907957633
2327	0.26773560907957633
2328	0.26773560907957633
2363	0.2676108022508053
236	0.2674113531714308
2558	0.2674113531714308
2204	0.26736153734557916
466	0.26728684839762895
2210	0.26726196135401653
2220	0.26726196135401653
1171	0.2672370789444314
2222	0.2672122011675794
2553	0.2672122011675794
2084	0.26711273636163574
2059	0.2669885094356002
2197	0.26696367791500536
2230	0.26688921105924107
2231	0.26688921105924107
2198	0.26686439800503325
2227	0.26681478573546547
2623	0.26681478573546547
2624	0.26681478573546547
667	0.26678998651753305
701	0.26676519190912057
60	0.26674040190894316
459	0.2664927550777214
1661	0.2664185506721865
2546	0.2664185506721865
1998	0.2663938250526346
2599	0.2663196757229669
166	0.2662455676599701
1236	0.2662455676599701
1958	0.26609747519626753
1039	0.2659495473864669
2555	0.2656541846313871
2621	0.2656541846313871
2629	0.2656541846313871
2631	0.2656541846313871
2634	0.2656541846313871
517	0.26555587611639725
762	0.2655313103554244
702	0.2655067491390378
1955	0.26543309274478805
791	0.26535947720644704
1961	0.2653349477668827
1150	0.2653104228618299
1138	0.26518786631024927
2485	0.26518786631024927
1823	0.2651633685858788
716	0.2649920111652638
500	0.2649430925735774
2611	0.2648941920396953
2000	0.2648453095536204
643	0.26482087507538865
2447	0.2647964451053632
1950	0.2647475986849417
409	0.2647231822320518
2187	0.2646255614402266
2219	0.2646255614402266
672	0.2646011674909788
789	0.2646011674909788
704	0.26452801262023207
1990	0.2644548981888831
1999	0.2644548981888831
2001	0.2644548981888831
2005	0.2644548981888831
1989	0.26443053569250463
824	0.2644061776844268
540	0.2641871573807766
1992	0.2641628441875702
371	0.26413853546904736
1462	0.263944226661346
2232	0.2638956941198986
2144	0.263774440814385
499	0.26372597068560616
1454	0.2637017423006098
1996	0.2635806671204901
1542	0.26341134853098447
2233	0.2633630117388877
2234	0.2633630117388877
1997	0.26331469268343616
2229	0.26321810774343307
1959	0.2631698418393818
712	0.263097476163349
2003	0.2629046954517437
2500	0.26288061772526217
2002	0.26285654440862066
2004	0.26285654440862066
699	0.2626881545659502
827	0.2626881545659502
826	0.2626160535171214
1512	0.26254399203714784
868	0.2623280446848965
1296	0.2623280446848965
724	0.26228010461825085
2547	0.2621603310751793
744	0.2620167471421394
1605	0.2619928317763908
729	0.2619689207759549
1253	0.2619450141396366
740	0.26192111186624123
2181	0.2618972139545746
36	0.2615392678762768
2019	0.26151543959020934
714	0.26144398077622166
1047	0.26144398077622166
719	0.26142016984901073
728	0.26137256100365486
2017	0.261348763083141
1153	0.2613011802405223
439	0.26127739531605115
2466	0.261206066515801
1599	0.26115853561478825
1442	0.26111102200874536
1687	0.26108727168838797
1151	0.26106352568823443
1962	0.26101604664382444
2020	0.26099231359721203
2021	0.26099231359721203
2810	0.26099231359721203
1298	0.2609448604492853
1156	0.26075522028907505
1914	0.26063683509871405
2016	0.26063683509871405
2018	0.26063683509871405
715	0.2606131709589738
825	0.2605895111159453
725	0.2605658555684584
1046	0.2605658555684584
923	0.26054220431534336
1716	0.2605185573554309
1948	0.2605185573554309
821	0.2604949146875522
822	0.2604949146875522
823	0.2604949146875522
1717	0.2604949146875522
1945	0.2604949146875522
1050	0.2604476422232227
1946	0.2604003869130126
1952	0.2604003869130126
1953	0.2604003869130126
1295	0.2603767656877846
2407	0.2603531487475862
1251	0.26032953609125137
1506	0.26030592771761474
2406	0.26030592771761474
925	0.2602587238137762
646	0.2601407889198965
2601	0.26002296086077886
2015	0.2598111391149654
1048	0.25976411447440156
1964	0.25971710685325167
941	0.25964662731272165
515	0.25962314263224834
797	0.25959966219970493
2603	0.25959966219970493
2704	0.2595527140737985
911	0.25948232371561536
668	0.2594354180171852
1006	0.2594354180171852
2206	0.2594119715266279
2211	0.2594119715266279
1978	0.259365091257083
507	0.25934165747579846
1963	0.2592948026144659
2200	0.25922455205835254
1316	0.25920114366463226
2069	0.25920114366463226
2042	0.2591777394981614
2014	0.25910755235079774
2368	0.25908416508187904
1975	0.25906078203448896
2226	0.25903740320748464
2225	0.25901402859972367
2050	0.25899065821006384
516	0.2589672920373635
2201	0.2589439300804815
2202	0.2589439300804815
2203	0.2589439300804815
2410	0.2589439300804815
2199	0.25892057233827687
1686	0.25889721880960925
732	0.2588738694933385
2196	0.2588505243883252
653	0.2588271834934299
383	0.2587105421308822
438	0.2587105421308822
339	0.25868722647279535
381	0.25868722647279535
1049	0.25868722647279535
2482	0.2586639150168638
1159	0.2586406077619515
2562	0.2586173047069229
2051	0.2585707111919771
2708	0.2585707111919771
2609	0.2585474207297908
2610	0.2585474207297908
372	0.2585241344629503
798	0.25850085239032217
1980	0.2584775745107733
2008	0.2584775745107733
2022	0.2584775745107733
2027	0.2584775745107733
2028	0.2584775745107733
272	0.258454300823171
885	0.258454300823171
2499	0.258454300823171
647	0.2584310313263832
2504	0.2583845049007235
665	0.25836124796958937
1240	0.25833799522474465
351	0.25831474666505916
2043	0.25826826209664727
693	0.2582450260856624
1012	0.2582450260856624
697	0.25822179425532005
680	0.25817534313205054
2040	0.25817534313205054
2037	0.25812890871781813
2045	0.25812890871781813
2093	0.25812890871781813
2763	0.25812890871781813
2771	0.25810569777377373
2034	0.2580824910036088
2036	0.2580824910036088
2044	0.2580824910036088
1965	0.25805928840619774
1238	0.2579897056392358
349	0.2579665197215905
2765	0.2578738177110895
90	0.2577117494112172
1152	0.2577117494112172
2011	0.2577117494112172
2759	0.2577117494112172
2760	0.2577117494112172
2761	0.2577117494112172
2762	0.2577117494112172
2764	0.2577117494112172
2766	0.2577117494112172
2767	0.2577117494112172
2768	0.2577117494112172
2769	0.2577117494112172
2770	0.2577117494112172
726	0.257642353912767
2371	0.25759611100620455
1984	0.25734207144899923
1733	0.25731900178773087
730	0.2572959362622927
1627	0.2572959362622927
1277	0.2571806706336473
916	0.25708853246235
669	0.257042488129501
230	0.2570194721473977
751	0.2569504489250862
921	0.25692744942196005
441	0.2569044540358129
1494	0.2569044540358129
922	0.2568814627655394
1755	0.2568354925681941
1726	0.2567895388210894
2053	0.2567895388210894
2095	0.2567665681136182
2096	0.2567665681136182
1757	0.25674360151539694
2047	0.25674360151539694
2089	0.25674360151539694
2094	0.25674360151539694
2048	0.2567206390253231
2052	0.2567206390253231
2090	0.2567206390253231
2091	0.2567206390253231
2092	0.2567206390253231
1731	0.2566747263652095
1746	0.2565370868658627
435	0.25651416129956545
1728	0.2564912398304117
920	0.25637669390337064
917	0.2563537969940285
919	0.2563537969940285
2505	0.2563080154426411
909	0.25628513079840515
910	0.25628513079840515
1756	0.25628513079840515
183	0.25626225024034793
906	0.25626225024034793
912	0.25623937376737527
901	0.2562165013783931
903	0.2562165013783931
905	0.2562165013783931
859	0.25619363307230786
908	0.25619363307230786
1766	0.25619363307230786
907	0.25617076884802653
718	0.25612505264050484
1748	0.25612505264050484
1732	0.2561022006550801
1737	0.25607935274709054
1767	0.2560565089154449
1014	0.2560336691590525
1724	0.25601083347682285
1725	0.25594235086421196
2612	0.25591953146773694
2370	0.25587390487984824
1759	0.2558282945581228
1775	0.2558282945581228
1765	0.2558054954943533
2561	0.25578270049386365
107	0.2557599095555678
1778	0.2557599095555678
745	0.25571433986121495
1776	0.25569156110298746
1779	0.25569156110298746
1261	0.2556460157590076
1264	0.2556460157590076
1232	0.25562324917108714
1742	0.25562324917108714
733	0.2556004866377683
2369	0.2555777281579679
893	0.25550947702885324
1750	0.2554639965238642
1804	0.2554412623424524
1743	0.2553730840695852
1754	0.2553730840695852
1730	0.255236836647887
1803	0.255236836647887
831	0.2552141428774018
1805	0.25516876744085143
1806	0.2551460857726344
2542	0.25501008039642303
692	0.2548289652825051
869	0.2548063439806602
1026	0.2547611134234612
691	0.2547385041659689
696	0.2547385041659689
706	0.25471589892112323
513	0.2546707004650996
876	0.2546481072517865
1348	0.2546481072517865
875	0.2546255180468498
874	0.25460293284922275
897	0.25444494858098904
884	0.25439984622371153
887	0.25439984622371153
703	0.2543773010406007
664	0.25435475985309147
686	0.25435475985309147
694	0.25435475985309147
878	0.25435475985309147
889	0.25435475985309147
892	0.25435475985309147
894	0.25435475985309147
898	0.25435475985309147
689	0.25433222266012206
690	0.2543096894606306
698	0.2543096894606306
705	0.2543096894606306
873	0.2543096894606306
880	0.2543096894606306
881	0.2543096894606306
882	0.2543096894606306
891	0.2543096894606306
899	0.2543096894606306
685	0.2542871602535558
687	0.2542871602535558
688	0.2542871602535558
695	0.2542871602535558
2241	0.25421959657622334
1349	0.2541520687924683
1129	0.254129567502624
1628	0.2540845768736955
2524	0.2539497005168661
2663	0.2539497005168661
2526	0.2539047735464076
2598	0.2539047735464076
1983	0.2538149672775787
1985	0.2538149672775787
1127	0.2537925256359096
2565	0.25377008796234973
201	0.25363554519237763
971	0.25363554519237763
255	0.25361313526613694
111	0.2535907292995969
256	0.2535683272917083
89	0.25354592924142194
200	0.25354592924142194
206	0.25354592924142194
207	0.25354592924142194
271	0.25354592924142194
2823	0.25354592924142194
254	0.2535235351476892
269	0.2535235351476892
270	0.2535235351476892
1267	0.2535011450094619
2372	0.2535011450094619
674	0.2534563765953322
1237	0.2534563765953322
1241	0.25338925361424236
1000	0.25336688718705425
1243	0.25336688718705425
1244	0.25336688718705425
1245	0.25336688718705425
1125	0.2533445247080439
1128	0.25329981159037573
1235	0.2531657668850007
1265	0.2531657668850007
1269	0.2531657668850007
1270	0.2531657668850007
1246	0.25314343989259525
1258	0.25314343989259525
2540	0.253121116837931
2545	0.253121116837931
1242	0.2530987977199663
1248	0.2530987977199663
1249	0.2530987977199663
1257	0.2530987977199663
1260	0.2530987977199663
1266	0.2530987977199663
1268	0.2530987977199663
1271	0.2530987977199663
1274	0.2530987977199663
1275	0.2530987977199663
150	0.25305417128997065
1844	0.25305417128997065
1119	0.2529649656245825
2602	0.2529649656245825
1131	0.25287582282989496
1132	0.25287582282989496
738	0.2528535469469818
749	0.2528535469469818
1121	0.2528535469469818
1122	0.2528535469469818
1123	0.2528535469469818
1126	0.2528535469469818
1133	0.2528535469469818
1135	0.2528535469469818
1136	0.2528535469469818
2578	0.2528535469469818
2733	0.2528535469469818
2734	0.2528535469469818
2735	0.2528535469469818
2736	0.2528535469469818
2737	0.2528535469469818
2738	0.2528535469469818
2522	0.2526754810688501
1451	0.25265324046669635
2523	0.2526087710060844
84	0.2525865421455595
2656	0.252519879030715
186	0.25249766581123656
1042	0.25249766581123656
514	0.25247545649944036
1407	0.25247545649944036
2564	0.25247545649944036
1411	0.25245325109429534
2424	0.25245325109429534
2521	0.25245325109429534
2711	0.25245325109429534
2713	0.25245325109429534
2714	0.25245325109429534
2717	0.25245325109429534
2551	0.2524088519998362
2635	0.2524088519998362
2685	0.2524088519998362
2710	0.2524088519998362
2712	0.2524088519998362
2715	0.2524088519998362
2716	0.2524088519998362
2718	0.2524088519998362
2719	0.2524088519998362
2720	0.2524088519998362
2645	0.2523866583084619
156	0.2523422826322758
171	0.2522757483689697
1435	0.2522314116820859
157	0.25220924918215776
81	0.25218709057653643
1436	0.25218709057653643
168	0.2521649358641955
1440	0.2521649358641955
787	0.2521427850441091
1441	0.2520763559271219
1438	0.25203208929160925
244	0.25194360264567167
542	0.2517889004335208
1155	0.25170058443898086
1299	0.25165644967053635
1444	0.25163438808995686
1434	0.25161233037711583
1446	0.25161233037711583
1445	0.25156822655058175
1447	0.25156822655058175
1459	0.25156822655058175
1439	0.25154618043485566
1443	0.25154618043485566
1458	0.25154618043485566
1406	0.2515241381828021
1011	0.2513699505159942
1495	0.2513479391367896
2247	0.2513479391367896
1518	0.25130392794100315
1007	0.2512819281223967
1513	0.2512819281223967
2250	0.25117198678177616
792	0.2511500100570599
1453	0.251062141602566
1450	0.2509743346106617
2242	0.25088658901688116
1452	0.25086466220434694
1460	0.25086466220434694
2245	0.2507550856068959
2236	0.25064560469281677
2251	0.2506237199809777
2243	0.25057996202026517
1714	0.2505362193368367
2240	0.2505362193368367
2244	0.2505362193368367
1700	0.2505143537216039
1701	0.25049249192269285
2238	0.2504487797698401
2248	0.2504487797698401
2252	0.2504487797698401
496	0.25033956610344826
524	0.2503177347991748
678	0.2502522637264287
2255	0.2502086353680385
1013	0.2500124958576899
125	0.24994718433839586
1163	0.24986015537448972
1162	0.24981666361550373
1017	0.24975145435849105
1166	0.24975145435849105
1160	0.24972972550392708
1461	0.24964284788155655
1109	0.24959943173409893
1110	0.24959943173409893
2257	0.24959943173409893
1168	0.2494909574047925
2273	0.24940424580260123
819	0.2493825773190389
2274	0.2493825773190389
2279	0.2493825773190389
2281	0.2493825773190389
2441	0.2493825773190389
2269	0.2493609126003073
2278	0.2493609126003073
2429	0.2493609126003073
2442	0.24933925164542542
1297	0.24931759445341245
1721	0.24929594102328798
2286	0.24929594102328798
2443	0.24929594102328798
2435	0.24925264544478445
2439	0.24925264544478445
2444	0.24925264544478445
2445	0.24925264544478445
2446	0.24925264544478445
1448	0.24910122927554784
829	0.2490796134104597
2312	0.2490796134104597
370	0.24905800129649783
2300	0.24905800129649783
2303	0.24905800129649783
2307	0.24905800129649783
2308	0.24905800129649783
2309	0.24905800129649783
2313	0.24905800129649783
1413	0.2490363929326859
2302	0.2490363929326859
2304	0.2490363929326859
2305	0.2490363929326859
2306	0.2490363929326859
2310	0.2490363929326859
2311	0.2490363929326859
1101	0.24901478831804788
1437	0.24901478831804788
1100	0.2489499969594222
1651	0.2489499969594222
1649	0.24890682144832965
1655	0.24890682144832965
1656	0.24890682144832965
2552	0.24890682144832965
1650	0.24888523930825782
1652	0.24888523930825782
1653	0.24888523930825782
1654	0.24888523930825782
1660	0.24888523930825782
1663	0.24888523930825782
1664	0.24888523930825782
1666	0.24888523930825782
1667	0.24888523930825782
1669	0.24888523930825782
1670	0.24888523930825782
1677	0.24888523930825782
2246	0.24888523930825782
1662	0.2488636609105373
1648	0.24884208625419485
1657	0.24884208625419485
1658	0.24884208625419485
1665	0.24884208625419485
1668	0.24884208625419485
1671	0.24884208625419485
1672	0.24884208625419485
1673	0.24884208625419485
1674	0.24884208625419485
1675	0.24884208625419485
1676	0.24884208625419485
1678	0.24884208625419485
1679	0.24884208625419485
1681	0.24884208625419485
1682	0.24884208625419485
1683	0.24884208625419485
830	0.24871271683061585
1463	0.24866962357637853
833	0.2485619557449028
849	0.24851891471360502
1104	0.24851891471360502
834	0.24849739978721647
1008	0.24847588858571135
1009	0.24847588858571135
2709	0.24843287735348255
853	0.24838988100918463
850	0.24834689954508893
852	0.24834689954508893
841	0.24832541439070316
860	0.24832541439070316
1971	0.24830393295347214
862	0.24813221515751535
863	0.24813221515751535
1099	0.24813221515751535
1105	0.24813221515751535
1106	0.24813221515751535
1107	0.24813221515751535
1117	0.24813221515751535
1118	0.24813221515751535
857	0.2480893228126307
858	0.2480893228126307
861	0.2480893228126307
2041	0.24791790161877159
2046	0.24787508332833655
1830	0.24785367972905084
2035	0.24785367972905084
2038	0.24785367972905084
2039	0.24785367972905084
684	0.24776810228244608
1822	0.24761848386319338
2146	0.24738373394313004
2147	0.24738373394313004
2148	0.24738373394313004
2541	0.24738373394313004
2149	0.247362415110491
2150	0.247362415110491
2155	0.247362415110491
2156	0.247362415110491
2543	0.24727717651121103
184	0.2469793034711872
2058	0.24683063590524873
795	0.2468094122908115
642	0.2467457633406806
644	0.2467457633406806
1508	0.24663975467796337
708	0.2465338370645141
2428	0.24651266445741477
1331	0.24649149548665844
2615	0.24642801038308187
2502	0.24640685594833353
2659	0.24640685594833353
2670	0.24640685594833353
2503	0.24638570514524785
2617	0.24638570514524785
2664	0.24638570514524785
2672	0.24638570514524785
2519	0.2463645579728897
2520	0.2463645579728897
2616	0.2463645579728897
2657	0.2463434144303242
2658	0.2463434144303242
2660	0.2463434144303242
2661	0.2463434144303242
2662	0.2463434144303242
2665	0.2463434144303242
2666	0.2463434144303242
2667	0.2463434144303242
2668	0.2463434144303242
2669	0.2463434144303242
2671	0.2463434144303242
2673	0.2463434144303242
2915	0.2463434144303242
120	0.24632227451661698
1867	0.24619551118810684
1520	0.24617439665026908
1519	0.24613217843784407
2158	0.24611107476139393
1920	0.24608997470354405
2157	0.24608997470354405
2159	0.24604778543992267
2160	0.24604778543992267
182	0.2459213043987438
187	0.24579495332609502
194	0.24579495332609502
1522	0.24579495332609502
753	0.2456056699702351
356	0.24537471917781992
1490	0.24531180796018612
352	0.24526988506725947
350	0.24520702758774454
1027	0.2451442023180577
355	0.24512326771495624
344	0.2451023366870581
345	0.2451023366870581
348	0.24508140923344754
354	0.24508140923344754
382	0.24508140923344754
1511	0.2449559195205784
19	0.2449350170613651
1059	0.24491411816912437
1060	0.24489322284294324
2480	0.24478879967099929
2539	0.24472618850218583
1514	0.24470532522950875
1515	0.24470532522950875
1353	0.24468446551377868
2481	0.24466360935408604
1002	0.2444968879848499
1928	0.24424723153013425
1108	0.2442056716813117
1322	0.24418489706015634
2548	0.24418489706015634
1689	0.2441433584198467
447	0.24412259439888906
1530	0.24412259439888906
2237	0.24393587702406203
177	0.24383226851360326
932	0.24383226851360326
933	0.24383226851360326
1821	0.24383226851360326
1849	0.24383226851360326
1067	0.24374944505283097
436	0.24372874797844424
1819	0.2437080544185887
1065	0.24368736437236926
1068	0.24368736437236926
1069	0.24368736437236926
1070	0.24368736437236926
1071	0.24368736437236926
1871	0.24368736437236926
2153	0.24368736437236926
1847	0.2436459948172598
1845	0.24362531530658102
1858	0.24362531530658102
2151	0.24362531530658102
2152	0.24362531530658102
2154	0.24362531530658102
1873	0.24360463930596093
1764	0.2435839668145059
1864	0.2435839668145059
1866	0.2435839668145059
1854	0.24356329783132266
1857	0.24356329783132266
1859	0.24356329783132266
1848	0.2435426323555182
1851	0.2435426323555182
1860	0.2435426323555182
1862	0.2435426323555182
1863	0.2435426323555182
1870	0.2435426323555182
1874	0.2435426323555182
1850	0.24352197038619985
1852	0.24352197038619985
1869	0.24352197038619985
1853	0.2435013119224752
1855	0.2435013119224752
1856	0.2435013119224752
1861	0.2435013119224752
1865	0.2435013119224752
1868	0.2435013119224752
1872	0.2435013119224752
1875	0.2435013119224752
1876	0.2435013119224752
1820	0.24337743470765963
979	0.24333617030706492
1828	0.2433155433535761
535	0.24321246101865257
2119	0.24321246101865257
2120	0.2431918550319527
2122	0.2431918550319527
976	0.24317125253660943
2121	0.24317125253660943
2054	0.2431506535317355
1391	0.243130058016444
2055	0.24310946598984817
2885	0.24310946598984817
1826	0.2430888774510618
801	0.24306829239919872
1827	0.24302713275269983
1829	0.24302713275269983
1831	0.24302713275269983
1916	0.24302713275269983
1832	0.24298598704326907
1921	0.24298598704326907
1926	0.24298598704326907
1345	0.24294485526382884
1524	0.24292429459564469
1356	0.24290373740730622
1917	0.24288318369793005
1918	0.24288318369793005
1922	0.24288318369793005
1923	0.24288318369793005
1310	0.2426983567212427
1313	0.2426983567212427
2256	0.24267783775297072
1770	0.24259579656373714
1054	0.24255479676712333
1816	0.24251381082647328
1935	0.24251381082647328
2458	0.24251381082647328
35	0.24245235788006905
1311	0.24243188048497782
1312	0.24243188048497782
1314	0.24243188048497782
1315	0.24243188048497782
2408	0.24243188048497782
2650	0.24243188048497782
2651	0.24243188048497782
2239	0.24241140654861393
2249	0.24241140654861393
2253	0.24241140654861393
2254	0.24241140654861393
2646	0.24241140654861393
2647	0.24241140654861393
1924	0.24239093607010112
1358	0.2423704690485635
1035	0.24235000548312544
2277	0.24235000548312544
1057	0.24232954537291157
938	0.2423090887170469
1354	0.2423090887170469
1405	0.24228863551465665
1412	0.24224773946680206
1053	0.24222729661958967
425	0.24220685722235571
1034	0.24220685722235571
2772	0.24220685722235571
1055	0.24214555972179327
1052	0.24212513411574335
2773	0.2421047119553085
2123	0.24206387796779705
401	0.24181916301113207
402	0.24181916301113207
403	0.24181916301113207
413	0.24181916301113207
1824	0.24175806156339066
1510	0.24171734441618
1597	0.2416969909853602
1949	0.24167664098190939
1947	0.24163595125365245
1021	0.24159527522448762
1225	0.24159527522448762
1227	0.24159527522448762
2007	0.24159527522448762
417	0.2415546128874979
418	0.2415546128874979
419	0.2415546128874979
421	0.2415546128874979
423	0.2415546128874979
424	0.2415546128874979
427	0.2415546128874979
1595	0.24151396423577096
1598	0.24151396423577096
426	0.24145301690293888
1902	0.24145301690293888
1951	0.24145301690293888
1898	0.24143270796047922
1899	0.24143270796047922
1900	0.24143270796047922
1901	0.24143270796047922
1029	0.24141240243415793
1023	0.2413921003231131
1024	0.2413921003231131
1903	0.2413921003231131
1904	0.2413921003231131
1905	0.2413921003231131
1906	0.2413921003231131
1907	0.2413921003231131
1908	0.2413921003231131
1909	0.2413921003231131
1910	0.2413921003231131
1020	0.24137180162648314
1019	0.24135150634340682
1022	0.24135150634340682
1025	0.24135150634340682
1629	0.24125008110120505
1611	0.24122980628137974
677	0.2412095348690872
757	0.24108797790543737
1612	0.24108797790543737
1618	0.24108797790543737
2107	0.24104748613890975
2282	0.24104748613890975
2283	0.24104748613890975
1175	0.2410272453557929
1176	0.2410272453557929
1177	0.2410272453557929
1178	0.2410272453557929
1594	0.24088565499682255
1601	0.24088565499682255
1602	0.24088565499682255
1603	0.24088565499682255
1606	0.24088565499682255
1616	0.24088565499682255
1620	0.24088565499682255
1621	0.24088565499682255
1623	0.24088565499682255
1624	0.24088565499682255
1625	0.24088565499682255
1626	0.24088565499682255
1630	0.24088565499682255
1631	0.24088565499682255
1632	0.24088565499682255
1633	0.24088565499682255
2139	0.24084523115809175
2280	0.2408250243260456
2284	0.2408250243260456
1521	0.24080482088440752
1517	0.24078462083232427
1516	0.24070385450248535
2881	0.24068367138538804
2498	0.2405626437262938
1927	0.2405223282170385
776	0.24040146272547214
1509	0.24038133028574973
2374	0.2403612012177305
2380	0.24032095319341407
1098	0.2401801911925477
1302	0.24009982977349542
1143	0.23989916129896677
2116	0.23989916129896677
998	0.23935902809724297
2070	0.23931911496932948
1931	0.2392792151502282
2067	0.2390998304824771
969	0.23828602564686516
88	0.2382662459485463
775	0.2382662459485463
1306	0.23795021677378245
1301	0.23793049278366524
1303	0.23793049278366524
793	0.2379107720631693
1300	0.2379107720631693
1304	0.2379107720631693
1307	0.2379107720631693
1308	0.23789105461148166
964	0.23787134042778965
74	0.23785162951128086
972	0.23781221747656484
1214	0.23781221747656484
965	0.23779251635673412
966	0.23779251635673412
973	0.23779251635673412
963	0.23777281850083976
2705	0.23777281850083976
2706	0.23777281850083976
962	0.23775312390807068
967	0.23775312390807068
968	0.23775312390807068
970	0.23775312390807068
1305	0.23773343257761614
2460	0.237654699862737
2462	0.237654699862737
2118	0.23759568454119176
99	0.23751704302375984
121	0.23747774178391143
2394	0.23747774178391143
114	0.23745809604087834
1929	0.23735991606236148
2484	0.23714420562972055
2486	0.23714420562972055
2393	0.23710502766744898
2395	0.23710502766744898
124	0.23698757141199947
112	0.2369288869122689
117	0.23687023146906566
139	0.23687023146906566
2205	0.23677253690853234
2461	0.23669443926297828
2217	0.2366554097569575
1943	0.2366163931202817
1944	0.2366163931202817
750	0.23659688962595926
2189	0.23657738934658679
2186	0.23653839842951277
2190	0.23653839842951277
197	0.23649942036270394
2207	0.23647993614616392
2218	0.23647993614616392
2214	0.23644097734284494
2208	0.23640203137392007
2209	0.23640203137392007
2212	0.23640203137392007
2215	0.23640203137392007
2216	0.23640203137392007
2221	0.23640203137392007
1417	0.23626582146202466
2117	0.23607150793174914
1932	0.23566448809048748
741	0.2355677853871266
756	0.23552912652351995
1058	0.23531672937712228
999	0.23525886935022847
2061	0.2351624991759903
2062	0.23514323461474054
2060	0.235123973209546
2072	0.23510471495963123
2073	0.23510471495963123
2064	0.23508545986422094
2068	0.23508545986422094
2071	0.2350469591338141
2373	0.23495076245740668
944	0.23485464448880194
1120	0.23485464448880194
904	0.2344518063335896
1077	0.23429870744772976
1939	0.23405034776110056
945	0.23403126497693744
1938	0.2340121853042669
1941	0.2339740352903601
2581	0.2339549649476027
2293	0.23380251404595076
2164	0.2337263630764708
519	0.2335932181756297
2580	0.23355520463320892
2423	0.23351720346096141
1769	0.233346351104962
1930	0.23332738294115896
2560	0.23328945586330765
2605	0.23328945586330765
2527	0.23313787077177855
2585	0.23313787077177855
2382	0.23311893648518944
2387	0.23311893648518944
820	0.2330621520738988
986	0.2330621520738988
1761	0.2330432300837978
2467	0.2330432300837978
2383	0.23302431116594718
2384	0.23302431116594718
2385	0.23302431116594718
2386	0.23302431116594718
2388	0.23302431116594718
2389	0.23302431116594718
2390	0.23302431116594718
1771	0.2330053953195988
2468	0.23292976263427229
2418	0.23291086213422085
2679	0.23285417903319036
2684	0.23285417903319036
2579	0.23283529079673407
1140	0.2328164056243116
1141	0.2328164056243116
2419	0.2328164056243116
2420	0.2328164056243116
2421	0.23279752351517743
2608	0.23279752351517743
2618	0.23279752351517743
2680	0.23279752351517743
2681	0.23279752351517743
2682	0.23279752351517743
2683	0.23279752351517743
981	0.23266543446073903
1414	0.23266543446073903
2292	0.23257117687102072
1318	0.23253349521566247
1419	0.23253349521566247
2294	0.23253349521566247
2295	0.23253349521566247
2297	0.23253349521566247
2299	0.23253349521566247
2895	0.23253349521566247
2296	0.2325146589665563
2298	0.2325146589665563
1420	0.23247699562178162
1423	0.23247699562178162
1424	0.23247699562178162
420	0.23243934447664893
422	0.23243934447664893
2183	0.2323076614553365
851	0.2322700651353081
2724	0.23225127153832328
1319	0.23219490899062756
1320	0.2321761275533558
1321	0.2321761275533558
1324	0.2321761275533558
1325	0.2321761275533558
1326	0.2321761275533558
1327	0.2321761275533558
1328	0.2321761275533558
1329	0.2321761275533558
2619	0.2321761275533558
2625	0.2321761275533558
2626	0.2321761275533558
2627	0.2321761275533558
2628	0.2321761275533558
1323	0.23215734915416836
1330	0.23215734915416836
1332	0.23215734915416836
2009	0.23202598536433092
2725	0.2319884801537329
2731	0.2319884801537329
2730	0.23195098706603132
942	0.23178241803473335
940	0.23159540624028865
1018	0.23155804008891076
1015	0.23153936153441457
1210	0.23148334394694658
1084	0.23127817782145982
1079	0.23125954438786156
1080	0.23125954438786156
1081	0.23122228652667454
1078	0.23120366209763493
1134	0.2311291943749205
1161	0.23111058493898048
1165	0.23105477460694984
1167	0.23105477460694984
947	0.23085036713383766
2854	0.23085036713383766
958	0.2308318025687284
953	0.2308132409892359
752	0.23079468239464
949	0.23079468239464
950	0.23079468239464
954	0.23079468239464
948	0.23077612678422074
946	0.23075757415725842
951	0.23075757415725842
952	0.23075757415725842
960	0.23075757415725842
1206	0.23060926045972022
185	0.23025777835248978
1073	0.2300916605164038
1074	0.2300916605164038
1075	0.2300916605164038
1807	0.23007321777349612
1808	0.23007321777349612
1817	0.23005477798686683
2106	0.2299994763575431
2111	0.2299994763575431
2103	0.22998104838892217
2104	0.22998104838892217
2105	0.22998104838892217
2108	0.22998104838892217
2109	0.22998104838892217
2110	0.22998104838892217
2112	0.22998104838892217
2113	0.22998104838892217
2114	0.22998104838892217
2115	0.22998104838892217
1954	0.22996262337302817
754	0.22988895282253224
414	0.22981532945893815
2557	0.22941124240266444
80	0.22931960253592215
992	0.2292829670854012
1137	0.2291365422640806
82	0.22911825231019617
1085	0.22906339996346162
78	0.22900857387443257
2378	0.2289355132351362
2377	0.22889900039410985
160	0.2288442529651708
161	0.2288442529651708
2375	0.22864373625475048
2076	0.22817118163292033
2077	0.22815304546078513
1347	0.227917537314764
845	0.2278994414404238
840	0.22788134843935673
842	0.22788134843935673
2754	0.2278632583108786
2755	0.2278632583108786
1288	0.22784517105430524
1217	0.2277005763082768
1834	0.22762834773530036
1835	0.22762834773530036
1837	0.22762834773530036
839	0.22755616497083697
867	0.22755616497083697
865	0.22753812643219481
2465	0.2271240279270563
86	0.22708809058086532
784	0.22696239937867776
785	0.22696239937867776
786	0.22696239937867776
1593	0.22689063828488956
2425	0.22687270510133872
1317	0.22683684723740616
1836	0.22676516550340794
2916	0.22676516550340794
1801	0.22674725214804783
1211	0.22656827412914496
1208	0.2265503918659935
1207	0.2265146358066712
1346	0.22644315753724656
141	0.22619333845091708
2743	0.22612206278100974
2744	0.22612206278100974
165	0.22610425088161776
1608	0.22592628610327725
1472	0.22590850503243645
1465	0.22581964164441332
1609	0.22581964164441332
1487	0.2256953502863766
163	0.22567760554620156
1471	0.22564212443535395
1466	0.2256066544794575
1475	0.22558892368297215
1483	0.22558892368297215
1485	0.22558892368297215
211	0.225482597403153
212	0.225482597403153
153	0.2254294718402684
154	0.2254294718402684
1016	0.2254294718402684
987	0.22523489210154876
988	0.22519955005037953
989	0.22519955005037953
990	0.22519955005037953
984	0.22514655776469822
985	0.22514655776469822
1760	0.2249877304391078
996	0.22463558185491764
930	0.2245477168850925
2379	0.22438973303174933
1072	0.22424948944860448
1972	0.2241619261961841
1702	0.22396952753918054
935	0.22393458144344963
936	0.22376001441706717
1540	0.2236728329262166
1544	0.2236728329262166
1545	0.2236728329262166
974	0.22363797934882257
975	0.22363797934882257
1843	0.22356830477000839
2426	0.22353348375844076
2457	0.22353348375844076
1505	0.22339430811285996
1066	0.22329004005773143
1973	0.22329004005773143
1974	0.22329004005773143
398	0.2232379425215537
1981	0.22302979525579936
937	0.2229258671126233
1889	0.22280473996290753
1833	0.22271830112834712
1838	0.22271830112834712
1839	0.22271830112834712
1840	0.22271830112834712
1841	0.22271830112834712
1842	0.22271830112834712
1887	0.22271830112834712
1888	0.2227010214091192
2750	0.22256288012267486
1174	0.2225456245109426
1179	0.2225456245109426
1893	0.22244214700419543
2622	0.22242491010787585
1378	0.222287111046398
1364	0.22226989816804535
1374	0.2222526879552565
1375	0.2222526879552565
1381	0.2222526879552565
1363	0.22223548040741234
1366	0.22223548040741234
1379	0.22223548040741234
1382	0.22223548040741234
1371	0.22221827552389392
2795	0.22221827552389392
1359	0.22220107330408248
1360	0.22220107330408248
1365	0.22220107330408248
1523	0.22220107330408248
1361	0.2221838737473595
1362	0.2221838737473595
1367	0.2221838737473595
1368	0.2221838737473595
1369	0.2221838737473595
1373	0.2221838737473595
2796	0.2221838737473595
1372	0.22216667685310662
2135	0.22208073229726402
2161	0.22201202451404883
2169	0.22192619954709583
2170	0.22192619954709583
2166	0.22190904251582044
2162	0.2218918881371473
2173	0.22187473641046127
2175	0.22185758733514746
2732	0.22185758733514746
2174	0.22184044091059105
2176	0.22184044091059105
2168	0.22182329713617757
2178	0.22182329713617757
2179	0.22182329713617757
2180	0.22180615601129258
2391	0.22178901753532204
2396	0.22172049010830663
2397	0.22172049010830663
2398	0.22172049010830663
2399	0.22172049010830663
2400	0.22172049010830663
2401	0.22172049010830663
2402	0.22172049010830663
2403	0.22172049010830663
1478	0.2213272777347627
1762	0.22110564357896606
896	0.22107158540835933
2376	0.22105456025738449
1333	0.22103753772848742
1334	0.22103753772848742
1335	0.22103753772848742
1336	0.22103753772848742
1763	0.2210205178210624
2024	0.22095246439397564
1526	0.22091845339353017
1531	0.22091845339353017
1470	0.22088445286203445
1533	0.2208504627946555
1234	0.22081648318656338
1278	0.22081648318656338
7	0.22079949730324133
11	0.22079949730324133
3	0.22078251403293112
4	0.22078251403293112
22	0.22078251403293112
25	0.22078251403293112
5	0.22076553337502983
6	0.22076553337502983
9	0.22074855532893467
10	0.22074855532893467
23	0.22074855532893467
26	0.22074855532893467
27	0.22074855532893467
2913	0.22074855532893467
8	0.2207315798940432
20	0.2207315798940432
24	0.2207315798940432
30	0.2207315798940432
32	0.2207315798940432
33	0.2207315798940432
1	0.220714607069753
21	0.220714607069753
28	0.220714607069753
29	0.220714607069753
31	0.220714607069753
2392	0.22062978208625195
1735	0.2205280781301581
1772	0.22039261862270712
1758	0.22035877974375384
1768	0.22034186420067073
2939	0.22034186420067073
2404	0.22002096159298926
2405	0.22002096159298926
2739	0.21986928111391327
2740	0.21986928111391327
2549	0.21933166233224863
2652	0.21933166233224863
2702	0.21933166233224863
1698	0.21924789680279086
2427	0.21921440850329446
2262	0.2191307324942467
2655	0.2191307324942467
2261	0.21908055754404956
2258	0.21906383766634643
2259	0.21906383766634643
2260	0.21906383766634643
2263	0.21906383766634643
2235	0.2190471203405172
673	0.21899698366843195
2272	0.21898027654425828
2285	0.21889677914604877
2287	0.21889677914604877
2288	0.21889677914604877
2289	0.21889677914604877
2290	0.21889677914604877
2291	0.21889677914604877
110	0.21888008730685812
1473	0.21859671502110561
1646	0.21859671502110561
1878	0.21854678429588378
1879	0.21854678429588378
1880	0.21854678429588378
2742	0.21854678429588378
75	0.21846361708974335
109	0.2183472892851162
1634	0.21798249278114654
1635	0.21798249278114654
1636	0.21798249278114654
1637	0.21798249278114654
1642	0.21798249278114654
1003	0.21788321428132212
1004	0.21788321428132212
2577	0.21770143837255498
2756	0.21768492832869238
2757	0.21768492832869238
2758	0.21768492832869238
2863	0.21768492832869238
1640	0.21747052541420847
1641	0.21747052541420847
983	0.21745405037440438
164	0.21709222999108588
72	0.21684622383788907
162	0.21682984324989707
280	0.21682984324989707
203	0.21681346513650107
205	0.21681346513650107
2023	0.2166825292475381
202	0.21648642167147883
204	0.21648642167147883
1747	0.2162092094713873
1741	0.21598144958180115
1745	0.2158839850287408
188	0.21546265312581725
2029	0.21531719037897665
1337	0.21502685331801166
1339	0.21502685331801166
1341	0.2150107464376133
1342	0.2150107464376133
1343	0.2150107464376133
2075	0.21467305848045304
2030	0.21449659729054982
2100	0.21406469273936443
2101	0.21406469273936443
2102	0.21406469273936443
2898	0.21393705485146736
2899	0.21393705485146736
2751	0.21387329296938662
2753	0.21382549649449772
2749	0.21380956908321325
2752	0.21380956908321325
1528	0.21366632908606056
977	0.213507398463414
980	0.21344389239605427
2013	0.21317441254676106
682	0.2125272815742735
2025	0.2125272815742735
2026	0.2125272815742735
2031	0.2125272815742735
2012	0.21171215997508022
2595	0.21157171555554932
2597	0.21157171555554932
2600	0.21157171555554932
2604	0.21157171555554932
2032	0.211556122121325
2033	0.211556122121325
681	0.21132249613061457
1739	0.21132249613061457
1795	0.21108938556715234
1793	0.2110583430104513
1792	0.21104282515566045
1794	0.21104282515566045
1797	0.21104282515566045
1798	0.21104282515566045
1799	0.21104282515566045
1809	0.21104282515566045
1773	0.21102730958257152
1796	0.21102730958257152
2184	0.2110117962906813
2188	0.2109497659250487
2140	0.2107948494486405
2726	0.21077937031444688
2727	0.21077937031444688
2722	0.21076389345342078
37	0.2107484188650615
2729	0.2107484188650615
2703	0.2107020087309798
2802	0.2107020087309798
1934	0.2106556190328884
1749	0.21060924975729237
1787	0.2105783482460669
883	0.2102236315323083
877	0.2099161521824
2811	0.2093038839829472
2812	0.2093038839829472
2813	0.2093038839829472
1890	0.20918185868985115
1892	0.2091208993838072
1139	0.2091056651083367
46	0.208771071710098
34	0.20869517703519977
44	0.20860417623125999
43	0.20849810887935916
2228	0.20822585890040898
1543	0.20799952644508243
727	0.20780376927113137
1685	0.2073534251926705
1604	0.20711403888751984
1607	0.20711403888751984
2182	0.20708415445798553
2185	0.20705427865123982
47	0.20697962683459314
2815	0.2068155821703392
739	0.20678578380103288
1781	0.20671132543152365
1718	0.20662204613749913
1782	0.20662204613749913
1810	0.20659230350814292
1811	0.20659230350814292
1812	0.2065625694402805
1813	0.2065625694402805
1814	0.2065625694402805
1966	0.20650312697425452
1967	0.20650312697425452
1968	0.20650312697425452
1969	0.20650312697425452
1158	0.20633983645619564
1800	0.2062360586968054
1276	0.20611758329327426
994	0.20602881603087408
995	0.20602881603087408
2677	0.205336108801927
2674	0.20532142095437322
2676	0.20529205156216118
2897	0.20529205156216118
2413	0.20527737001660143
2415	0.20527737001660143
2695	0.20527737001660143
2697	0.20527737001660143
2412	0.2052480132243216
2698	0.2052480132243216
2049	0.20523333797670082
2409	0.20523333797670082
2411	0.20523333797670082
2416	0.20523333797670082
2699	0.20521866482749251
2701	0.20521866482749251
2926	0.20521866482749251
2927	0.20521866482749251
1710	0.2052039937762466
2694	0.2052039937762466
2696	0.2052039937762466
2700	0.2052039937762466
1695	0.20518932482251323
1704	0.20518932482251323
1706	0.20518932482251323
1707	0.20518932482251323
1709	0.20518932482251323
1713	0.20518932482251323
1720	0.20518932482251323
1688	0.20517465796584258
1690	0.20517465796584258
1691	0.20517465796584258
1692	0.20517465796584258
1693	0.20517465796584258
1694	0.20517465796584258
1696	0.20517465796584258
1697	0.20517465796584258
1699	0.20517465796584258
1703	0.20517465796584258
1705	0.20517465796584258
1708	0.20517465796584258
1711	0.20517465796584258
1712	0.20517465796584258
1715	0.20517465796584258
1719	0.20517465796584258
2506	0.20502810463872412
2507	0.20488176052406407
2511	0.20488176052406407
2509	0.2048671376020368
2510	0.2048671376020368
2508	0.20485251676720936
2512	0.20485251676720936
2513	0.20485251676720936
2514	0.20485251676720936
2515	0.20485251676720936
2516	0.20485251676720936
2517	0.20485251676720936
2518	0.20485251676720936
2814	0.2046918252115908
774	0.20463345440522832
1774	0.20428392747435326
1777	0.20424032054519264
1734	0.20422578903892832
1738	0.20421125960032283
2741	0.2041967322289349
1736	0.20418220692432335
1740	0.20418220692432335
1785	0.2040950984742703
1744	0.20400806431713842
1752	0.20399356584053285
1753	0.20396457506872293
1783	0.20393559253585347
1802	0.2038921341768815
1786	0.20387765217289136
1784	0.20386317222600409
1789	0.2038342185017851
2097	0.2038342185017851
1780	0.20377633571930553
1790	0.20374740665404156
1727	0.20367511991358386
1729	0.20367511991358386
1751	0.20367511991358386
1788	0.20367511991358386
2687	0.20360288444759098
2688	0.2035884435025277
2690	0.2035884435025277
2850	0.2035884435025277
2686	0.20357400460582536
2693	0.20357400460582536
2692	0.20355956775704828
2930	0.20355956775704828
104	0.2035451329557607
2689	0.2035451329557607
2691	0.2035451329557607
2654	0.20324247432855186
2653	0.20321369663307168
828	0.20308429778846313
832	0.20306993031072781
836	0.20304120145307616
837	0.2030124807229746
866	0.2029550636316296
864	0.20292636726349506
835	0.20289767900912828
1390	0.20235413922750353
886	0.20233987487256008
888	0.20233987487256008
1130	0.20232561252852171
879	0.20231135219496318
890	0.20231135219496318
895	0.20231135219496318
2849	0.20231135219496318
2876	0.20231135219496318
1383	0.20228283755758544
2270	0.20226858325291647
1395	0.20225433095702774
1385	0.20224008066949464
1389	0.20224008066949464
2271	0.20222583238989275
1386	0.20221158611779766
1388	0.20221158611779766
1387	0.20219734185278512
1394	0.20219734185278512
2879	0.20219734185278512
1384	0.20218309959443106
1392	0.20218309959443106
1393	0.20218309959443106
1647	0.2021403848550801
159	0.20181350382775345
337	0.20181350382775345
249	0.2017425825795711
250	0.20168588146024014
248	0.2015584204018073
1247	0.20154426800604813
1259	0.20154426800604813
2834	0.20154426800604813
251	0.2015018227407608
193	0.20133222030877027
273	0.20133222030877027
2840	0.20131809965928865
192	0.20126163686314244
1474	0.20123341734030692
1476	0.20123341734030692
1479	0.20123341734030692
1480	0.20123341734030692
1481	0.20123341734030692
1482	0.20123341734030692
1486	0.20123341734030692
1488	0.20123341734030692
1489	0.20123341734030692
1491	0.20123341734030692
2829	0.20123341734030692
338	0.2011911028907365
247	0.20117700202846492
1041	0.20113471129858718
158	0.20110652735529583
2841	0.2009797972932459
2843	0.200951656744759
245	0.20092352407546812
2276	0.19994381895668276
1164	0.1994436815551791
2525	0.19916690708729792
1884	0.19911164434948234
844	0.19898741524728855
846	0.19897362158201423
847	0.19897362158201423
843	0.1989598298289414
848	0.1989598298289414
2911	0.1989598298289414
1684	0.19887711944447706
855	0.19876694584461863
838	0.19875318272691717
856	0.19868439571829014
2501	0.19727790137059364
2807	0.19725078786023484
2866	0.1972372338996865
2917	0.1972372338996865
386	0.19661575895212943
388	0.19660229211932448
389	0.19660229211932448
385	0.19658882713116482
387	0.19658882713116482
384	0.19654844323076812
2781	0.19637363788343282
2780	0.19634677234709197
2788	0.19634677234709197
2778	0.19633334233530353
2786	0.19633334233530353
2792	0.19633334233530353
2775	0.19631991416060035
2782	0.19631991416060035
2784	0.19631991416060035
2787	0.19631991416060035
2789	0.19631991416060035
2790	0.19631991416060035
2791	0.19631991416060035
2793	0.19631991416060035
2776	0.19630648782260549
2777	0.19630648782260549
2779	0.19630648782260549
2783	0.19630648782260549
2785	0.19630648782260549
2794	0.19630648782260549
2801	0.19621255485283598
1537	0.1958510824878642
2266	0.1957575847331472
2267	0.19573088748326883
2268	0.19570419751429316
1877	0.19559751038787992
1883	0.19559751038787992
1885	0.19550425452541462
1846	0.1954909395179553
1881	0.1954643149432848
1882	0.1954643149432848
2937	0.1954643149432848
1886	0.1954510053753328
2906	0.19541108754456654
2871	0.19521174271913339
2875	0.19521174271913339
2873	0.1951984675241168
978	0.19517192254995155
2877	0.19517192254995155
2878	0.19517192254995155
2884	0.19515865277006647
1825	0.19514538479448892
800	0.19510559168992234
1919	0.19507907196833885
2264	0.19494658142774637
2892	0.19490686935167634
42	0.19486717345160473
1911	0.19480104953798014
1083	0.1947746125359393
38	0.1947613967256166
1913	0.19474818270860556
2648	0.19474818270860556
1355	0.19461614109038833
2860	0.19455018740288313
1056	0.19451063664309395
2124	0.194457927304528
2126	0.194457927304528
2128	0.194457927304528
2129	0.194457927304528
2132	0.194457927304528
2136	0.194457927304528
2137	0.194457927304528
2138	0.194457927304528
1031	0.19406351598554106
1912	0.19406351598554106
1030	0.19405039649419534
2858	0.19403727877659283
2859	0.19403727877659283
1032	0.19402416283237375
1033	0.19399793626264786
2798	0.19380146276025506
1309	0.19342274022521144
85	0.19286390277109036
145	0.19228252042752797
93	0.19216666431961824
92	0.1921538000362925
333	0.1921538000362925
94	0.19206379825641604
96	0.19206379825641604
155	0.1919995628723838
334	0.1919995628723838
335	0.1919995628723838
336	0.1919995628723838
190	0.19188404739234827
102	0.191730242798887
149	0.1916790293784399
152	0.1916406372641299
98	0.19153833344068716
151	0.19153833344068716
2193	0.19090140096715466
2223	0.19086331969826034
1416	0.19074916699509153
1062	0.19010487217313315
1063	0.1900922824464992
1064	0.1900922824464992
1061	0.1900796943872682
2074	0.1899664768327027
1082	0.1894399066091696
2637	0.18924007548405442
2636	0.18922760003573985
2638	0.18922760003573985
2639	0.18921512623217784
2640	0.18921512623217784
2928	0.18921512623217784
2642	0.18920265407304312
2643	0.18920265407304312
2641	0.18919018355801065
2644	0.18919018355801065
2167	0.189102935960349
2172	0.18906556876183228
2171	0.18904066549935047
2586	0.1889659950587319
2589	0.1889659950587319
2590	0.1889659950587319
2921	0.1889659950587319
2933	0.1889659950587319
2588	0.18895355571997483
2932	0.18895355571997483
2582	0.18894111801883476
2583	0.18894111801883476
2584	0.18894111801883476
2587	0.18894111801883476
2591	0.18894111801883476
2566	0.18892868195498833
2569	0.18892868195498833
2575	0.18892868195498833
2923	0.18892868195498833
2924	0.18892868195498833
2567	0.18891624752811226
2570	0.18891624752811226
2571	0.18891624752811226
2572	0.18891624752811226
2573	0.18891624752811226
2574	0.18891624752811226
2912	0.18891624752811226
2922	0.18891624752811226
2925	0.18891624752811226
2935	0.18891624752811226
2422	0.18890381473788334
2568	0.18890381473788334
2531	0.1886679022572721
2920	0.1886679022572721
2931	0.1886679022572721
2528	0.18865550213224697
2529	0.18865550213224697
2530	0.18865550213224697
2532	0.18865550213224697
2533	0.18865550213224697
2534	0.18865550213224697
2535	0.18865550213224697
2470	0.18864310363710157
2469	0.18861831153516478
2471	0.18861831153516478
2417	0.18851920825838286
2883	0.18851920825838286
2882	0.18850682767072555
2707	0.18848207137317863
1418	0.18834602788334237
2723	0.1881238343781713
956	0.18784068221596345
957	0.18776695656061607
2852	0.18722806502786102
955	0.18717922823228808
1005	0.18647394692016747
169	0.18602679617252998
209	0.18602679617252998
2900	0.18589427271175038
1286	0.1853181912933138
1357	0.18522252467846276
2869	0.18517472840088625
1218	0.18507920980992568
1221	0.18507920980992568
1222	0.18507920980992568
1223	0.18507920980992568
101	0.1848527476134813
279	0.18484084390122593
87	0.18482894172196637
283	0.18482894172196637
103	0.18475756082274314
142	0.18473377944021993
140	0.18472189104460632
2867	0.18433043057681336
2826	0.18404677256617963
2847	0.18404677256617963
2827	0.1840349724268858
993	0.18344688853723637
991	0.18340000414939223
997	0.1830491336612549
1895	0.1818776748791115
1891	0.1818546290510731
1897	0.1818546290510731
1896	0.18184310832702802
1894	0.1817625041123441
1380	0.181498164081071
1376	0.18148668847636176
1377	0.18148668847636176
1370	0.1814408005652426
2165	0.18131472837736956
2163	0.1813032759564261
2177	0.18124603554600857
1815	0.18069836102877795
2806	0.1806528708504083
2822	0.1806528708504083
1791	0.18064150188433842
1538	0.1806301343491371
2818	0.18048248647775011
2819	0.18045979284182934
2914	0.18045979284182934
2938	0.18018791368123904
287	0.17968034209340453
2890	0.17950056062423472
77	0.1793323419306596
2275	0.17932113856076326
288	0.17925394772635594
286	0.17924275414900323
2576	0.17841829095861123
199	0.17807515757442383
198	0.17805306525290848
274	0.1780420211476329
275	0.1780420211476329
282	0.1780420211476329
276	0.17803097841233873
277	0.17803097841233873
281	0.17803097841233873
278	0.1780199370467711
2825	0.17788754740593318
2838	0.17784346127274708
2894	0.1758388547501922
2896	0.1758388547501922
2797	0.17412153260188884
2192	0.17390000393445643
71	0.17374211397264921
2728	0.17374211397264921
48	0.17372108363748337
49	0.17372108363748337
50	0.17372108363748337
2747	0.17240635863668316
2748	0.17240635863668316
2745	0.17239600390042867
2746	0.17239600390042867
39	0.17235459739054507
40	0.17234424887073777
2809	0.171040011020268
1818	0.1708872694494337
2678	0.17006715635396003
2675	0.17003693293893357
2905	0.16999665175849202
2414	0.16998658444522904
105	0.1695147619997719
106	0.16908538318462168
2929	0.16883674283525307
2936	0.1688168831936798
2918	0.16858883266428626
854	0.1685096550981647
2808	0.16847009419780123
210	0.16825284085241132
2301	0.168105034550052
2804	0.16793783436356996
2880	0.16793783436356996
2803	0.1679280094156753
2874	0.16791818561730065
2845	0.16762400519400478
2832	0.16750662143686612
2833	0.16750662143686612
2830	0.16729184432580357
2846	0.16726259920413364
2817	0.16383524343277042
1539	0.1634899735115417
2887	0.16347135172516303
95	0.16343412087582632
2889	0.16340620886611282
2870	0.16304421840057584
2872	0.16303495768159362
2265	0.16290541798763553
2891	0.16283148768675615
2805	0.1627853153145884
97	0.16107707435141067
147	0.16106803574109968
252	0.16098673387224552
253	0.16098673387224552
189	0.1607703296147719
213	0.1606983240926065
100	0.16054552631255314
246	0.160455780923592
2224	0.15998180052068542
2774	0.158980529766942
2904	0.15883976896365104
2934	0.1586641680914343
2816	0.15863786144258527
2919	0.15862032852244348
2907	0.158436466575158
2909	0.15841897814129574
959	0.15790480057993933
2851	0.15747166254894326
961	0.1573853199332239
1287	0.15615240261898256
2824	0.15176827922286987
2839	0.15176025509898158
2828	0.15091448290968126
2821	0.14680817639843174
2820	0.14677064298932033
2848	0.1458162796516199
2903	0.1451232855524616
143	0.144706264616966
144	0.144706264616966
146	0.144706264616966
148	0.144706264616966
2842	0.14382169881461757
2844	0.1438000834097559
2831	0.14325465214064667
2886	0.14034781268052696
208	0.1402518061634974
2888	0.13995092466807108
2893	0.13980777677376346
191	0.13832554888642176
2908	0.1365553503778372
2853	0.13619897817044543
1289	0.13485522503839031
1290	0.13485522503839031
1291	0.13485522503839031
1292	0.13485522503839031
2868	0.13485522503839031
2837	0.12136970253455127
2835	0.10810867631886323
2836	0.09745343467583817
1397	0.002420391800922774
777	0.0020422055820285907
780	0.0017504619274530777
1398	0.001555966157736069
782	0.0015316541865214432
1400	0.0014522350805536645
1401	0.0014522350805536645
779	0.0013614703880190605
781	0.0013614703880190605
783	0.0013614703880190605
1396	0.0013614703880190605
1402	0.0013614703880190605
1403	0.0013614703880190605
1404	0.0013614703880190605
778	0.0012253233492171545
1399	0.0010373107718240461
2856	0.0007658270932607216
2857	0.0007658270932607216
2855	0.0005105513955071477
2910	0.0005105513955071477
1722	0.0003403675970047651
1723	0.0003403675970047651
2194	0.0003403675970047651
2195	0.0003403675970047651
2592	0.0003403675970047651
2593	0.0003403675970047651
2799	0.0003403675970047651
2800	0.0003403675970047651
2861	0.0003403675970047651
2862	0.0003403675970047651
2864	0.0003403675970047651
2865	0.0003403675970047651
2901	0.0003403675970047651
2902	0.0003403675970047651
