Node_Id	Closeness_Centrality
1678	0.4161475054229935
1221	0.39409202958093675
696	0.391358629130967
104	0.39064141722663415
357	0.39032349949135303
519	0.38662636033857317
695	0.3848425275827483
109	0.3788388625592417
1226	0.37609096255636154
1191	0.3739649122807017
555	0.3728021764477264
1148	0.3718627641015701
320	0.37143078412391095
58	0.370856369611444
645	0.370856369611444
1344	0.37035521235521235
392	0.36985540775014464
1384	0.36957041032556354
1141	0.3687889273356401
1111	0.3685763688760807
395	0.3673764841057066
1336	0.36583524027459957
534	0.3656260720411664
67	0.36479178551055336
117	0.36465310777418747
1331	0.36458380843785637
1132	0.36416856492027333
265	0.36368530805687205
566	0.3627912254160363
1329	0.3627912254160363
197	0.3626540642722117
1102	0.36258552258552257
660	0.36217481593354733
1403	0.3617650386573638
556	0.36162865221489165
826	0.3608803611738149
497	0.36013516050309746
691	0.3595951265229616
520	0.35952773613193406
703	0.35952773613193406
386	0.35865395401009537
1319	0.3585199028219025
561	0.3585199028219025
821	0.35831901382144193
1288	0.3577844088026856
1162	0.3575177040626165
218	0.35711839166046166
515	0.35705192629815746
1277	0.3566536530953709
1397	0.3557937685459941
402	0.35553002223869534
364	0.3552666666666667
835	0.35506940588561914
379	0.35506940588561914
1388	0.3550037009622502
1103	0.3548067320140559
310	0.3548067320140559
1120	0.35474112426035503
976	0.35467554076539104
1268	0.3545444464978747
18	0.3543479867011452
574	0.3543479867011452
1192	0.35408637873754156
1239	0.353890426120642
1370	0.3536946902654868
823	0.3535643199410247
1197	0.3535643199410247
3	0.3534340456890199
5	0.3533689445570087
614	0.35330386740331493
325	0.35330386740331493
635	0.35330386740331493
578	0.35304379830695626
890	0.352784111805811
55	0.35271924986210706
535	0.3513626373626374
30	0.35129829701519866
155	0.351169686985173
287	0.351169686985173
926	0.350848573518654
1119	0.3507844212835985
998	0.3507202925045704
1164	0.3506561871687078
1271	0.3505280467750777
1279	0.3505280467750777
1262	0.35027204674091655
268	0.3502081051478642
1295	0.3502081051478642
1492	0.35014418689541893
1175	0.3496336796063423
1311	0.3495062852978685
1146	0.3492517749863463
19	0.349188205314889
1047	0.349188205314889
1035	0.3489976350736766
180	0.3485537790697675
260	0.3485537790697675
1302	0.34830065359477125
125	0.3482374296605555
676	0.3481110506260207
738	0.3473546985334058
4	0.34722895927601816
1255	0.3466642573183954
80	0.3461638397690365
649	0.3461638397690365
1250	0.3459765554553652
1234	0.34585181179015684
1378	0.34572715804649484
163	0.34566486486486486
1216	0.3455403458213257
1306	0.34541591645660785
373	0.34522944034551023
1254	0.3450431654676259
583	0.3448570914973935
824	0.3444236983842011
2	0.34436187399030693
1242	0.34417653390742736
1135	0.344114798206278
661	0.3439297239153819
837	0.3433756935743691
1140	0.34319141323792485
251	0.3430073305918112
181	0.3430073305918112
1338	0.34288471849865954
1179	0.3425174076057847
323	0.34233404710920773
829	0.3420898716119829
528	0.3416634016028495
1391	0.34142018152696213
62	0.3411773074871065
324	0.3411166429587483
569	0.3408742004264393
256	0.3406321022727273
717	0.3406321022727273
72	0.3405716314574827
1405	0.3405111821086262
68	0.3404507542147294
242	0.3404507542147294
1308	0.3404507542147294
1	0.3403299627461416
1219	0.3403299627461416
1309	0.3399078667611623
1237	0.3397272888259253
431	0.33954690265486726
83	0.33948681649265616
158	0.3393667079426853
1041	0.3393667079426853
60	0.3393066855323665
1366	0.3393066855323665
822	0.33870762711864405
843	0.33858806918461
1312	0.33858806918461
1395	0.33858806918461
1137	0.33834920634920634
1126	0.3382299012693935
1104	0.33811068029608743
11	0.33799154334038056
959	0.33799154334038056
61	0.3376940679457842
744	0.3376940679457842
1300	0.3375158339197748
1282	0.3372784810126583
533	0.33710068529256726
194	0.33686391571554
1373	0.3367456556082149
626	0.33656842105263163
1176	0.33650938431854066
438	0.33645036829182745
731	0.33639137296159916
1136	0.33639137296159916
424	0.336273444347064
1380	0.3353916083916084
1287	0.3352743795875568
632	0.3352157959112354
1229	0.3350986899563319
646	0.3348647233374062
652	0.3348062827225131
1368	0.3344560669456067
1145	0.3343977688687467
152	0.3341647796551124
1353	0.33410658307210034
128	0.33375782881002086
139	0.3336997738737172
209	0.3335837245696401
1296	0.33352573018080667
631	0.3334098018769552
1121	0.33317818687044115
115	0.3330625
1230	0.3330625
1273	0.3330046866863392
1305	0.33277363399826543
396	0.33271592091571284
480	0.33271592091571284
319	0.33271592091571284
1168	0.33271592091571284
1182	0.3326005547850208
1247	0.33254290171606865
226	0.3324276555189742
76	0.33208239570711445
1153	0.3320249221183801
1198	0.33173785232578246
353	0.33139402314734845
255	0.33139402314734845
694	0.33127957174926614
1170	0.33127957174926614
1322	0.33127957174926614
734	0.33122237569060775
393	0.33110804280289957
1358	0.33105090595340814
940	0.33082255561303675
29	0.33070849853473544
232	0.33053756030323916
700	0.33053756030323916
1210	0.33053756030323916
1335	0.33036679869123475
205	0.33002580423189404
111	0.32968551297473797
314	0.3295722384470023
143	0.3295156303675713
1089	0.32945904173106644
1328	0.32911991765311377
1315	0.32911991765311377
1138	0.3290070313839822
1034	0.32895061728395064
1297	0.32895061728395064
1241	0.3288378471031882
764	0.3287251542152159
1382	0.32866883673119757
1106	0.32844375963020034
1285	0.3277703741670938
59	0.3276584116140051
1039	0.3276584116140051
580	0.3276584116140051
63	0.32760245901639345
73	0.32760245901639345
1253	0.3275465255250128
1488	0.3274347158218126
301	0.3273788395904437
638	0.32732298242620717
1303	0.32732298242620717
903	0.32682112436115845
222	0.32676545733265205
1207	0.3267098092643052
974	0.3265985699693565
1394	0.326376318475672
1490	0.3263208028576288
1125	0.3260989291177971
1115	0.3258773568880584
1206	0.32554556253181743
730	0.3254351145038168
461	0.32537991858887383
1281	0.32532474139392914
37	0.32526958290946084
1367	0.32526958290946084
147	0.3251593220338983
53	0.3249940708114518
352	0.3249940708114518
1134	0.32482898747036915
858	0.32477399695276793
1326	0.32477399695276793
15	0.3246640717549501
189	0.3245542209440027
1233	0.32433474218089603
64	0.32406081081081084
1211	0.323951367781155
1313	0.32384199864956115
1376	0.3236234817813765
87	0.3235688986338337
405	0.3235143338954469
295	0.32329625884732055
530	0.3232417860151643
1363	0.3230784776018862
1171	0.3227523553162854
1113	0.3226980656013457
983	0.3225895409450143
575	0.32248108925869895
651	0.3223727104688288
421	0.32226440450193183
133	0.3219399228058399
1342	0.3219399228058399
1139	0.3218859060402685
1461	0.3218319073980876
257	0.3218319073980876
273	0.3217239644474258
488	0.3217239644474258
1614	0.3217239644474258
1615	0.3217239644474258
252	0.32161609388097234
1107	0.3215082956259427
266	0.3214005696096499
1131	0.3214005696096499
493	0.32129291575950425
308	0.3210240963855422
1323	0.320755726467146
23	0.3207021063189569
1290	0.3207021063189569
216	0.3205413533834587
292	0.3204878048780488
742	0.3204878048780488
758	0.3203807615230461
1621	0.3203272666555351
1631	0.3203272666555351
506	0.3203272666555351
1166	0.32027378964941566
827	0.32027378964941566
300	0.3202203304957436
1616	0.31995330220146767
342	0.31936740469452307
1130	0.31904872775652754
367	0.31883662954960945
663	0.31883662954960945
1184	0.31862481315396113
213	0.31857190302225175
1155	0.31857190302225175
798	0.3185190104599037
261	0.3183604381015599
586	0.3182548108825481
1231	0.318202023552828
757	0.31809650140938484
1320	0.31799104922923915
1333	0.31751737835153926
596	0.31751737835153926
599	0.31751737835153926
38	0.3172548371093104
1174	0.31714994213919656
16	0.31709752066115704
1357	0.3169403601519908
1483	0.3167833553500661
1143	0.3165742574257426
248	0.3163132728771641
1167	0.3163132728771641
217	0.31594861660079054
1244	0.31589659147044297
1496	0.31574061882817644
1292	0.31574061882817644
565	0.31563672260612047
294	0.31563672260612047
740	0.31522182057180415
42	0.3151700344997536
157	0.31511826544021027
105	0.31485967503692763
546	0.31465310808594393
1212	0.31439528023598823
199	0.31434376536129777
545	0.31434376536129777
78	0.31429226736566185
1185	0.3142407862407862
380	0.3142407862407862
1349	0.3141378745701654
7	0.31403503028318874
1189	0.31403503028318874
1681	0.3139322533136967
1683	0.3139322533136967
1684	0.3139322533136967
1686	0.3139322533136967
1687	0.3139322533136967
1688	0.3139322533136967
1689	0.3139322533136967
1691	0.3139322533136967
1693	0.3139322533136967
1696	0.3139322533136967
1697	0.3139322533136967
1699	0.3139322533136967
1700	0.3139322533136967
1701	0.3139322533136967
1703	0.3139322533136967
1704	0.3139322533136967
1706	0.3139322533136967
1707	0.3139322533136967
1710	0.3139322533136967
1713	0.3139322533136967
1715	0.3139322533136967
1718	0.3139322533136967
1719	0.3139322533136967
1720	0.3139322533136967
1727	0.3139322533136967
1728	0.3139322533136967
1739	0.3139322533136967
1746	0.3139322533136967
1755	0.3139322533136967
1760	0.3139322533136967
1785	0.3139322533136967
1922	0.3139322533136967
1927	0.3139322533136967
1379	0.3136243256498284
1438	0.3133681803332245
485	0.31326583932070545
1123	0.31326583932070545
542	0.313214693877551
1208	0.31311245307654645
1280	0.31301027900146844
845	0.3128061307679766
108	0.3127041564792176
110	0.31260224865569497
1364	0.31260224865569497
648	0.31250040723244826
1116	0.31250040723244826
1640	0.3123986321446019
1709	0.3122969233273645
1724	0.3122969233273645
1334	0.3121952807160293
48	0.3119414634146342
230	0.31189074947163065
74	0.31168805848903336
296	0.31168805848903336
89	0.31133398247322297
1270	0.31133398247322297
330	0.31128346584455624
102	0.3111320142718132
208	0.3111320142718132
417	0.3110815631587482
1265	0.31103112840466923
116	0.31093030794165316
275	0.31093030794165316
100	0.3108295528191834
1259	0.3108295528191834
1055	0.31077919974080676
814	0.31072886297376096
344	0.31042718446601947
56	0.3103769616566899
86	0.3102263906856404
26	0.31007596573460483
1238	0.3100258564964447
1199	0.309875625908577
1260	0.309875625908577
1261	0.30972554084598
1566	0.30957560109730514
1586	0.30957560109730514
627	0.3092263056092844
1386	0.3092263056092844
441	0.3091764705882353
82	0.309076848719188
229	0.309076848719188
465	0.309076848719188
1477	0.30882807469414036
1337	0.3087286771805601
122	0.30857970082033137
93	0.3083812891818036
447	0.30823264781491005
1159	0.3081831325301205
1505	0.3080346820809249
22	0.30788637457871937
150	0.30783697047496794
1354	0.3077382098171319
137	0.3073930459862202
1246	0.30729456991830856
343	0.3071961569255404
350	0.3071469740634006
65	0.30699951992318775
54	0.3067540773904701
254	0.30655800575263664
85	0.3064111164350743
198	0.3064111164350743
1365	0.3063132684017244
1067	0.306020098899346
1298	0.306020098899346
892	0.3059712918660287
1491	0.30587372448979594
195	0.30548407643312103
825	0.30548407643312103
212	0.305435440216526
1533	0.30514394782885323
363	0.3048530112823773
1018	0.3045142857142857
1623	0.30446595778447866
1581	0.30446595778447866
1286	0.30436934792955733
322	0.30432106598984776
1362	0.30407988587731816
1471	0.303790973871734
1459	0.3037428752374921
1031	0.30369479183156567
1150	0.30335863377609107
378	0.3033106719367589
1266	0.3032627252608283
412	0.30302321908071395
215	0.3027840909090909
228	0.3027363105570459
99	0.30259305993690855
1188	0.30259305993690855
178	0.3025453398517584
1158	0.3024976348155156
682	0.3024976348155156
236	0.3024499448210626
1325	0.30225933511895386
1220	0.3022117202268431
1474	0.3021641203339109
39	0.3021165354330709
27	0.3020689655172414
8	0.3018313404657017
1617	0.3016889448026419
1743	0.3014045561665358
1923	0.3014045561665358
220	0.30135721017907635
404	0.30130987906392337
1227	0.3011679748822606
1620	0.3011679748822606
1628	0.301120703186313
606	0.3010734463276836
813	0.3007902163687676
467	0.3007902163687676
1350	0.3007430631760464
1224	0.3006959247648903
880	0.3005545981513395
1584	0.30031934877896055
1418	0.30017837584102647
1112	0.30017837584102647
41	0.29999061767005475
529	0.2995690193628982
449	0.29938202247191015
865	0.29933530972070527
371	0.2992419279363594
604	0.29914860439731794
1441	0.2991019644527596
354	0.2989621318373072
1124	0.2989155500155812
1343	0.2989155500155812
1128	0.2988689827075869
244	0.29882242990654206
1318	0.29863636363636364
588	0.29863636363636364
346	0.2985898832684825
281	0.29821856054717866
602	0.2981722101336649
144	0.2980795525170914
1180	0.29789440993788824
1511	0.29789440993788824
278	0.2978481602235678
562	0.29780192486805346
434	0.29780192486805346
219	0.2977557038646593
156	0.29752481389578167
302	0.29752481389578167
942	0.2974325581395349
944	0.2974325581395349
945	0.2974325581395349
1561	0.2974325581395349
6	0.2973864517129127
852	0.2973864517129127
1063	0.2973403595784253
961	0.2971561338289963
358	0.29697213622291024
1626	0.29688022284122567
1629	0.29688022284122567
49	0.2968342874825933
1478	0.2968342874825933
1151	0.29665068810886036
457	0.29665068810886036
948	0.29660482374768093
859	0.296558973566239
460	0.296558973566239
462	0.296558973566239
464	0.296558973566239
986	0.29637571450641126
987	0.29637571450641126
988	0.29637571450641126
365	0.2962841698841699
612	0.29623841877702284
708	0.29623841877702284
1213	0.29610125019293104
702	0.2959185562239704
805	0.2958729179518816
806	0.2958729179518816
812	0.2958729179518816
816	0.2958729179518816
1479	0.2958272937548188
17	0.295781683626272
906	0.2956905055487053
908	0.2956905055487053
1010	0.2956905055487053
1541	0.2956905055487053
1156	0.29564493758668514
329	0.29555384378370053
692	0.29550831792975973
1682	0.29550831792975973
1685	0.29550831792975973
1690	0.29550831792975973
1692	0.29550831792975973
1695	0.29550831792975973
1705	0.29550831792975973
1711	0.29550831792975973
1712	0.29550831792975973
1716	0.29550831792975973
1723	0.29550831792975973
1726	0.29550831792975973
1732	0.29550831792975973
1733	0.29550831792975973
1737	0.29550831792975973
1738	0.29550831792975973
1756	0.29550831792975973
1774	0.29550831792975973
1776	0.29550831792975973
1814	0.29550831792975973
1824	0.29550831792975973
1881	0.29550831792975973
279	0.29546280609887576
1249	0.29546280609887576
12	0.29541730828457036
84	0.29541730828457036
1509	0.2953718244803695
1507	0.29532635467980295
366	0.2952354570637119
860	0.2949630996309963
728	0.2948724254534276
1406	0.2948271092669433
1578	0.29469124423963133
625	0.29437471229093143
210	0.29432954894139307
165	0.29428439944776813
1147	0.29414903403863846
772	0.29414903403863846
1356	0.29396874042292376
1389	0.29396874042292376
1467	0.29396874042292376
70	0.293653757844788
494	0.2935638867635807
1187	0.29351897184822523
1735	0.2934740706746214
1064	0.2934291832364637
697	0.29338430952745065
337	0.29333944954128444
1393	0.293294603271671
469	0.2932497707123204
1321	0.2932049518569464
1369	0.2931601466992665
1023	0.2931601466992665
1012	0.2931153552330023
499	0.2930258133496258
1530	0.2930258133496258
489	0.29293632615666515
1399	0.29293632615666515
415	0.29284689360402993
1643	0.29284689360402993
1092	0.2927128471162649
1539	0.2926235509456986
521	0.2925789232880891
1468	0.29248970879707276
151	0.29226691042047537
237	0.29217788607980505
1204	0.292133394243947
541	0.29208891595615105
423	0.29204445121022987
894	0.29204445121022987
170	0.292
1133	0.292
263	0.2919555623192817
1040	0.2919555623192817
900	0.2918667275216796
1420	0.2918667275216796
684	0.29182233039245514
712	0.29182233039245514
444	0.2917335766423358
820	0.2917335766423358
1656	0.2917335766423358
1670	0.29168922000912273
1447	0.2916448768622682
1526	0.2916448768622682
1649	0.2916448768622682
1671	0.2916448768622682
1937	0.2916448768622682
552	0.29160054719562245
553	0.29160054719562245
1293	0.29160054719562245
1679	0.2915562310030395
1680	0.2915562310030395
1694	0.2915562310030395
1698	0.2915562310030395
1702	0.2915562310030395
1708	0.2915562310030395
1714	0.2915562310030395
1717	0.2915562310030395
1721	0.2915562310030395
1722	0.2915562310030395
1725	0.2915562310030395
1729	0.2915562310030395
1730	0.2915562310030395
1731	0.2915562310030395
1734	0.2915562310030395
1736	0.2915562310030395
1740	0.2915562310030395
1741	0.2915562310030395
1742	0.2915562310030395
1744	0.2915562310030395
1745	0.2915562310030395
1747	0.2915562310030395
1748	0.2915562310030395
1749	0.2915562310030395
1750	0.2915562310030395
1751	0.2915562310030395
1752	0.2915562310030395
1753	0.2915562310030395
1754	0.2915562310030395
1757	0.2915562310030395
1758	0.2915562310030395
1759	0.2915562310030395
1761	0.2915562310030395
1762	0.2915562310030395
1763	0.2915562310030395
1764	0.2915562310030395
1765	0.2915562310030395
1766	0.2915562310030395
1767	0.2915562310030395
1768	0.2915562310030395
1769	0.2915562310030395
1770	0.2915562310030395
1771	0.2915562310030395
1772	0.2915562310030395
1773	0.2915562310030395
1775	0.2915562310030395
1777	0.2915562310030395
1778	0.2915562310030395
1779	0.2915562310030395
1780	0.2915562310030395
1781	0.2915562310030395
1782	0.2915562310030395
1783	0.2915562310030395
1784	0.2915562310030395
1786	0.2915562310030395
1787	0.2915562310030395
1788	0.2915562310030395
1789	0.2915562310030395
1790	0.2915562310030395
1791	0.2915562310030395
1792	0.2915562310030395
1793	0.2915562310030395
1794	0.2915562310030395
1795	0.2915562310030395
1796	0.2915562310030395
1797	0.2915562310030395
1798	0.2915562310030395
1799	0.2915562310030395
1800	0.2915562310030395
1801	0.2915562310030395
1802	0.2915562310030395
1803	0.2915562310030395
1804	0.2915562310030395
1805	0.2915562310030395
1806	0.2915562310030395
1807	0.2915562310030395
1808	0.2915562310030395
1809	0.2915562310030395
1810	0.2915562310030395
1811	0.2915562310030395
1812	0.2915562310030395
1813	0.2915562310030395
1815	0.2915562310030395
1816	0.2915562310030395
1817	0.2915562310030395
1818	0.2915562310030395
1819	0.2915562310030395
1820	0.2915562310030395
1821	0.2915562310030395
1822	0.2915562310030395
1823	0.2915562310030395
1825	0.2915562310030395
1826	0.2915562310030395
1827	0.2915562310030395
1828	0.2915562310030395
1829	0.2915562310030395
1830	0.2915562310030395
1831	0.2915562310030395
1832	0.2915562310030395
1833	0.2915562310030395
1834	0.2915562310030395
1835	0.2915562310030395
1836	0.2915562310030395
1837	0.2915562310030395
1838	0.2915562310030395
1839	0.2915562310030395
1840	0.2915562310030395
1841	0.2915562310030395
1842	0.2915562310030395
1843	0.2915562310030395
1844	0.2915562310030395
1845	0.2915562310030395
1846	0.2915562310030395
1847	0.2915562310030395
1848	0.2915562310030395
1849	0.2915562310030395
1850	0.2915562310030395
1851	0.2915562310030395
1852	0.2915562310030395
1853	0.2915562310030395
1854	0.2915562310030395
1855	0.2915562310030395
1856	0.2915562310030395
1857	0.2915562310030395
1858	0.2915562310030395
1859	0.2915562310030395
1860	0.2915562310030395
1861	0.2915562310030395
1862	0.2915562310030395
1863	0.2915562310030395
1864	0.2915562310030395
1865	0.2915562310030395
1866	0.2915562310030395
1867	0.2915562310030395
1868	0.2915562310030395
1869	0.2915562310030395
1870	0.2915562310030395
1871	0.2915562310030395
1872	0.2915562310030395
1873	0.2915562310030395
1874	0.2915562310030395
1875	0.2915562310030395
1876	0.2915562310030395
1877	0.2915562310030395
1878	0.2915562310030395
1879	0.2915562310030395
1880	0.2915562310030395
1882	0.2915562310030395
1883	0.2915562310030395
1884	0.2915562310030395
1885	0.2915562310030395
1886	0.2915562310030395
1887	0.2915562310030395
1888	0.2915562310030395
1889	0.2915562310030395
1890	0.2915562310030395
1891	0.2915562310030395
1892	0.2915562310030395
1893	0.2915562310030395
1894	0.2915562310030395
1895	0.2915562310030395
1896	0.2915562310030395
1897	0.2915562310030395
1898	0.2915562310030395
1899	0.2915562310030395
1900	0.2915562310030395
1901	0.2915562310030395
1902	0.2915562310030395
1903	0.2915562310030395
1904	0.2915562310030395
1905	0.2915562310030395
1906	0.2915562310030395
1907	0.2915562310030395
1908	0.2915562310030395
1909	0.2915562310030395
1910	0.2915562310030395
1911	0.2915562310030395
1912	0.2915562310030395
1913	0.2915562310030395
1914	0.2915562310030395
1915	0.2915562310030395
1916	0.2915562310030395
1917	0.2915562310030395
1918	0.2915562310030395
1919	0.2915562310030395
1920	0.2915562310030395
1921	0.2915562310030395
1924	0.2915562310030395
1925	0.2915562310030395
1926	0.2915562310030395
1928	0.2915562310030395
1929	0.2915562310030395
1930	0.2915562310030395
1931	0.2915562310030395
1932	0.2915562310030395
1933	0.2915562310030395
1934	0.2915562310030395
1935	0.2915562310030395
1936	0.2915562310030395
1938	0.2915562310030395
1939	0.2915562310030395
1940	0.2915562310030395
1941	0.2915562310030395
1942	0.2915562310030395
1943	0.2915562310030395
1944	0.2915562310030395
1945	0.2915562310030395
1946	0.2915562310030395
1947	0.2915562310030395
1948	0.2915562310030395
1949	0.2915562310030395
1950	0.2915562310030395
1951	0.2915562310030395
1952	0.2915562310030395
1953	0.2915562310030395
1954	0.2915562310030395
1955	0.2915562310030395
1956	0.2915562310030395
1957	0.2915562310030395
1958	0.2915562310030395
1959	0.2915562310030395
1960	0.2915562310030395
1961	0.2915562310030395
1962	0.2915562310030395
1963	0.2915562310030395
1964	0.2915562310030395
1965	0.2915562310030395
1966	0.2915562310030395
1967	0.2915562310030395
1400	0.2912906164591558
436	0.29120218579234974
1484	0.29115799059037795
1243	0.2910696404187529
1493	0.2910254854368932
1149	0.2910254854368932
69	0.29089310083396513
1142	0.2908489993935719
666	0.29076083661715674
1374	0.29062869262232993
187	0.2905406633348478
1019	0.29036476464355987
45	0.29032082324455205
432	0.29032082324455205
1114	0.2902768951429869
1129	0.29023298033282907
931	0.29018907880804723
941	0.29010131559050356
792	0.290057453885697
1385	0.2898821396192203
1181	0.2898821396192203
1381	0.28979456193353476
10	0.28961956521739135
1222	0.2895758490566038
1673	0.2895758490566038
94	0.2895321460911561
1152	0.2891829966837504
35	0.2890958408679928
0	0.2889652056032535
1348	0.2888781809968379
1252	0.28874774232390127
118	0.28866084863075536
1274	0.2885740072202166
238	0.2885306061061814
912	0.2884872180451128
1360	0.28831379621280434
333	0.28827047332832456
1324	0.2882271634615385
909	0.2881405827575849
1110	0.2881405827575849
559	0.28805405405405404
893	0.2880108091878097
1122	0.28792435839711844
916	0.28788115246098445
678	0.2877947794779478
1283	0.2877516124193791
309	0.2876653171390014
28	0.2875790736021586
1310	0.2875790736021586
1109	0.2875359712230216
106	0.28740674157303375
135	0.2873636908328341
81	0.287277628032345
484	0.2872346159604731
1248	0.2872346159604731
231	0.28714863044454425
1346	0.2871056569889255
1278	0.28701974865350094
9	0.28693389171402933
451	0.28684808612440194
510	0.2868052025713859
1299	0.28676233183856503
1025	0.28663379650380993
250	0.28663379650380993
234	0.2865481702763256
91	0.28650537634408607
1314	0.28650537634408607
282	0.28646259519187695
1396	0.28646259519187695
112	0.28633432835820893
66	0.28633432835820893
554	0.2862915982689151
33	0.2862488809310654
675	0.2860781389800179
416	0.28595021612758986
1172	0.2859076005961252
1291	0.2856947133283693
828	0.2856947133283693
1383	0.28565217391304354
225	0.28565217391304354
512	0.2854821428571429
1398	0.2854396667162625
88	0.28539720321332934
1068	0.28535475234270413
1105	0.28535475234270413
1209	0.28531231409875074
1421	0.2852274754683319
1257	0.2850579494799406
176	0.2850155994651612
551	0.2849309371751077
1401	0.28488862488862493
267	0.2848040380047506
1327	0.2848040380047506
1223	0.2846772518177771
332	0.28463501483679526
1375	0.28463501483679526
1186	0.28463501483679526
1127	0.2845083790597657
621	0.28446619217081853
483	0.28438185591461607
361	0.28438185591461607
120	0.28433970653623836
647	0.28433970653623836
1217	0.28429756965026676
277	0.28417123389127535
1550	0.2840870724122612
407	0.2840450103642286
227	0.2839609236234458
560	0.2839609236234458
472	0.28391889891963895
1501	0.28391889891963895
1284	0.283792899408284
508	0.28370896184560784
1202	0.28370896184560784
1371	0.28366701168120656
1473	0.283625073920757
1251	0.2833318564466106
291	0.28324819134799945
1264	0.28324819134799945
490	0.2832063773250664
1470	0.2830392446149307
1481	0.2830392446149307
1267	0.2829557522123894
1013	0.2829140244801652
862	0.2827889150943396
269	0.2827472365512159
1317	0.2826639163105938
40	0.282539027982327
1345	0.28249742305993225
667	0.2824142499631974
1205	0.2823726817780395
101	0.28233112582781456
341	0.28224805061056346
1361	0.2821235294117647
177	0.28191623806024985
132	0.28179200940070503
145	0.2817506241738875
689	0.2817506241738875
644	0.2816678901776538
1355	0.28158520475561427
624	0.28137870343209154
1161	0.28133743950725915
516	0.28100776329280797
328	0.28100776329280797
1178	0.2809254649289794
166	0.28088433382137634
639	0.28088433382137634
258	0.28084321475625823
522	0.28084321475625823
1503	0.28084321475625823
253	0.28071992976294996
1218	0.28071992976294996
1990	0.2806377998829725
754	0.2806377998829725
1330	0.2804736842105263
1080	0.28043268527992987
1163	0.28039169833382055
842	0.28022787028921997
351	0.2801460280373832
1059	0.2801460280373832
1196	0.28010512483574246
538	0.28006423357664234
374	0.279900787861103
124	0.27985995623632387
1236	0.2797783287151816
1480	0.27969674879720074
643	0.27965597667638487
1402	0.27965597667638487
1157	0.2796152164407521
146	0.279493006993007
808	0.279493006993007
1193	0.27924890829694327
1304	0.27924890829694327
1177	0.27920826662785625
172	0.2791676367869616
1428	0.27912701876909646
1341	0.27912701876909646
768	0.279086412569101
1359	0.279086412569101
283	0.27904581818181823
293	0.2790052356020942
211	0.2789241058447223
418	0.2787619877942459
271	0.2787619877942459
1502	0.2787619877942459
1215	0.27872148772337646
563	0.2786809994189425
57	0.278600058088876
270	0.2784787342139643
1169	0.2784383164005806
1409	0.2783979103178058
854	0.278357515960534
642	0.2782364031907179
1351	0.2780347826086957
1377	0.2778736964078795
169	0.2777530041986391
175	0.2777530041986391
593	0.27771279675738275
119	0.27767260095527574
669	0.2775922442482998
1340	0.2775922442482998
1214	0.2775922442482998
154	0.27743167028199567
1412	0.27731136166522113
235	0.2771511123952615
262	0.2771511123952615
223	0.27707105719237435
1275	0.2769510610653963
970	0.27691108545034643
889	0.2767512983266013
1455	0.2767512983266013
1458	0.2767512983266013
1410	0.27663157894736845
288	0.2765518235548508
384	0.2765518235548508
482	0.27639245065552515
90	0.27627304147465437
463	0.2761934926576447
113	0.2761537354253635
126	0.2761537354253635
471	0.2761537354253635
1417	0.2761537354253635
121	0.2761139896373057
491	0.275915432187545
75	0.27587575496117345
1452	0.27587575496117345
46	0.275717160103478
1173	0.2756775398764191
43	0.27559833357276253
628	0.27547960941987365
1339	0.27547960941987365
31	0.2753609875125592
1065	0.2753609875125592
1419	0.2753609875125592
44	0.27532146957520093
1423	0.2752029837899871
433	0.27516351118760757
123	0.2750451612903226
370	0.274926913155632
848	0.27473005871401973
1200	0.2746120813054681
1434	0.2746120813054681
1562	0.2746120813054681
1289	0.274572778016316
1404	0.2745334859759588
168	0.27445493562231765
1407	0.27445493562231765
339	0.27433719433719433
348	0.27414118319519865
1429	0.27402371089844313
811	0.27394545194916464
207	0.2738672376873662
1165	0.27378906807478237
1572	0.2737109430731916
888	0.2734768353528154
390	0.27339888841385207
481	0.2733209858954267
276	0.2732431277595784
1232	0.2732431277595784
498	0.2732042153232697
1043	0.273126423690205
1416	0.273126423690205
1390	0.2730875444839858
662	0.2728933143669986
658	0.2728933143669986
1269	0.2728933143669986
1245	0.27277690885823974
1195	0.27266060261512226
196	0.27238960670168966
870	0.2723122782114975
1415	0.2723122782114975
241	0.27227363042861197
335	0.2722349936143039
36	0.27211914893617023
286	0.27211914893617023
671	0.2720419739081112
1050	0.2720419739081112
127	0.2718492277171603
981	0.2718492277171603
1160	0.2718492277171603
442	0.2718107112496458
797	0.27169522730491436
573	0.2715414012738854
1272	0.2715414012738854
741	0.27146455355879445
1118	0.2714261460101868
408	0.2713877493280521
1422	0.2713109885447603
1347	0.2711959287531807
557	0.2711192764273601
140	0.2711192764273601
1201	0.2711192764273601
1307	0.2710809665112336
830	0.2710426674201752
996	0.2709661016949153
997	0.2709661016949153
360	0.27085133418043206
607	0.27081309994353475
1258	0.27081309994353475
1495	0.27081309994353475
1108	0.27077487649964715
1094	0.2706984619726259
1058	0.27062209056284386
92	0.2705457622338175
141	0.27035512965050734
1450	0.27016476552598223
1451	0.27016476552598223
1453	0.27016476552598223
1454	0.27016476552598223
1974	0.26997466929355474
984	0.2699366821443647
114	0.2699366821443647
1424	0.26982278481012656
153	0.26970898355124423
385	0.26970898355124423
1427	0.26967107112735456
1991	0.2694438202247191
1992	0.2694438202247191
1993	0.2694438202247191
1994	0.2694438202247191
1996	0.2694438202247191
1997	0.2694438202247191
1998	0.2694438202247191
1999	0.2694438202247191
2001	0.2694438202247191
2005	0.2694438202247191
131	0.2693681550126369
446	0.26933033834058684
597	0.2692169520067359
164	0.26899046550757155
382	0.26887736510161175
478	0.26876435976463997
259	0.26872671242470936
1583	0.2686890756302521
1228	0.2686138336600392
1154	0.2685762284754305
1387	0.26853863381858906
1580	0.2685010496850945
206	0.26846347607052895
1564	0.26842591297047713
1256	0.26838836038052605
1576	0.26838836038052605
532	0.2682382550335571
977	0.26816326530612244
311	0.26801341156747693
1263	0.2679385474860335
387	0.26786372521642
134	0.2677889447236181
96	0.2676395089285714
598	0.26760217603570935
1066	0.26752754148654306
331	0.2673783972125436
184	0.2672666480913904
401	0.2672666480913904
345	0.2670806069887234
518	0.267043429844098
776	0.2669691065961592
784	0.2668948247078464
1449	0.2665610671112964
1316	0.26633902540608084
584	0.26622814321398836
1091	0.26622814321398836
605	0.26611735330836456
399	0.26604354458466234
303	0.26600665557404324
514	0.26593290823398946
474	0.2658960498960499
1674	0.26585920177383593
1294	0.26582236386310104
1426	0.26582236386310104
71	0.26574871865909405
1440	0.26574871865909405
413	0.26567511425010387
589	0.26549128148353174
34	0.26541781959048144
1372	0.26541781959048144
437	0.26538110388712133
246	0.26530770294565065
582	0.26530770294565065
388	0.26530770294565065
191	0.2652710176991151
1332	0.2652710176991151
1408	0.2650511190936723
1611	0.26501450476585164
603	0.2648681485572277
1553	0.2648681485572277
1499	0.2648681485572277
25	0.26483158475980123
394	0.26483158475980123
425	0.2646489170920127
1446	0.26461241379310346
313	0.26450296429063835
334	0.26435717238528317
1436	0.2643207495177735
1437	0.2643207495177735
1439	0.2643207495177735
340	0.2642843366854939
611	0.26424793388429757
1144	0.26424793388429757
1610	0.2641387856257745
1612	0.2641387856257745
1500	0.26392075938918697
634	0.2638118811881188
1532	0.2637030927835052
171	0.26366684991753714
479	0.263521978021978
312	0.263521978021978
1240	0.263521978021978
601	0.2634857849196539
886	0.2631604938271605
1072	0.26305224187577125
406	0.26305224187577125
1117	0.26305224187577125
315	0.26294407894736843
14	0.2627280197206245
609	0.26269204436532934
1190	0.26269204436532934
796	0.26258417738844786
1276	0.26258417738844786
690	0.26244049247606016
1482	0.2623687089715536
1026	0.2622611073137389
680	0.2621177756524115
1567	0.2620461685562082
186	0.26161734624301103
129	0.2615460122699387
732	0.2615103598691385
1573	0.2615103598691385
1602	0.2615103598691385
1606	0.2615103598691385
1607	0.2615103598691385
1608	0.2615103598691385
549	0.2614034609619839
701	0.2613322435635472
148	0.26129664941432856
422	0.26129664941432856
1487	0.2612610649598257
245	0.2609412404787813
1203	0.2609412404787813
769	0.2608348062542488
500	0.2608348062542488
142	0.2607993474714519
20	0.26072845882033163
650	0.2606221980709143
1062	0.26040993620198183
1600	0.26040993620198183
1604	0.26040993620198183
179	0.26033925905821687
1431	0.2601627339300244
1005	0.26005693371289146
610	0.26002168609379234
317	0.2598455912230801
878	0.2597752200406229
1194	0.25966973470492694
670	0.2596345919610231
338	0.2595643350020295
1968	0.2595643350020295
1061	0.2594590208276982
629	0.2594239350912779
630	0.2594239350912779
713	0.25938885884261764
657	0.2592136197811107
1619	0.25914359043630963
509	0.2590735989196489
167	0.2590386173372941
1593	0.2589337292482116
1618	0.25886385103224935
454	0.2587591043970866
543	0.25844537249090666
594	0.25844537249090666
284	0.2583757575757576
705	0.2583409641799085
524	0.258306180153494
587	0.25820188425302826
1456	0.25820188425302826
1457	0.25820188425302826
1574	0.2580976725413696
1588	0.2580976725413696
224	0.2580629539951574
1425	0.25799354491662185
1472	0.2579241731648293
1595	0.2578201854589437
1183	0.2578201854589437
359	0.2577509068923821
204	0.2576816655473472
77	0.2573705393077542
1504	0.2573015021459228
304	0.257198015819815
1430	0.257198015819815
1413	0.25702572347266883
473	0.25699129269926324
1489	0.2568880557043385
221	0.2566818303451967
1411	0.2566818303451967
840	0.2565445306231613
1970	0.2565102286401926
496	0.256475935828877
523	0.25633885622661684
1596	0.25630460921843684
576	0.2562703713598718
930	0.256030962231416
1563	0.256030962231416
1565	0.256030962231416
1605	0.256030962231416
1609	0.256030962231416
1538	0.2559626417611741
513	0.255792
747	0.255792
710	0.2556897241103559
411	0.2556556503198294
759	0.2555194459243474
1599	0.2553833865814697
240	0.25534939438306936
185	0.25531541123236623
1235	0.25521351603033127
846	0.25490831783151746
1015	0.25490831783151746
1645	0.25473907847563404
558	0.2546714456391876
486	0.2544350132625995
274	0.2541316730692807
321	0.25403072033898305
831	0.25389624139756484
832	0.25389624139756484
833	0.25389624139756484
834	0.25389624139756484
836	0.25389624139756484
79	0.253862643906312
875	0.25379547559200955
693	0.2537619047619048
47	0.2536947897381645
911	0.2534936575052854
540	0.25346016646848996
595	0.2534266842800528
765	0.2534266842800528
536	0.25302558691638094
526	0.2529922194382171
501	0.25292551087673043
50	0.2527921992357359
1570	0.2527921992357359
502	0.2527255961006455
1392	0.2527255961006455
1558	0.2526590280521533
403	0.2523599052880821
336	0.2523599052880821
507	0.2523267131395502
699	0.25226035502958577
572	0.25222718906126745
733	0.25222718906126745
1002	0.25202837624802943
999	0.2517637795275591
1000	0.2517637795275591
1001	0.2517637795275591
349	0.25169771713461037
1569	0.2516646989374262
1052	0.2516316894018888
1638	0.2516316894018888
1078	0.2514667715296894
1017	0.2513349927944452
600	0.2513020696882369
1598	0.2512362493452069
737	0.25120335210161054
285	0.25113758345333165
2028	0.25110471204188484
2029	0.25110471204188484
547	0.25097331240188386
1591	0.25097331240188386
924	0.250842050209205
709	0.250743693634819
1225	0.250743693634819
1301	0.2506454141625294
136	0.25061267145656435
289	0.250416394726537
372	0.250416394726537
419	0.250416394726537
910	0.25025306548395515
410	0.2502204251989044
751	0.2501877934272301
1433	0.24995960912052118
214	0.24992704533611257
688	0.24979687500000003
103	0.24963435263500325
979	0.24960187353629978
579	0.24950448692937965
585	0.24937475627193553
1494	0.24914805194805195
749	0.24895406177004933
750	0.24895406177004933
531	0.2488249027237354
203	0.24876037344398338
149	0.24876037344398338
1007	0.24876037344398338
616	0.24866364225534676
1027	0.24856698626587198
745	0.24850259067357514
548	0.24843822843822846
1046	0.24843822843822846
272	0.24837389953392028
722	0.24834174757281555
1475	0.24821322292663994
677	0.24805275407292476
1009	0.24795657231485072
233	0.2479245283018868
1585	0.2478924925700995
1589	0.2478924925700995
32	0.2477964350297081
243	0.2477964350297081
1054	0.2477004519044545
1414	0.24763650445333682
452	0.24747678018575853
495	0.24699884125144847
743	0.24690347490347495
746	0.24690347490347495
517	0.24687170248359286
1090	0.24683993823983533
1093	0.24683993823983533
1048	0.24677643426807305
1476	0.24677643426807305
1485	0.24677643426807305
2027	0.24677643426807305
591	0.24664952429930573
592	0.24664952429930573
869	0.24661781720015427
130	0.24623796688486718
590	0.24604848018468645
1986	0.2458907972314791
1069	0.24582778062532035
318	0.245607476635514
762	0.24526208130912813
1049	0.24523072989901576
879	0.24516805111821086
704	0.24516805111821086
400	0.2451367237413749
466	0.24485513720485005
1669	0.2446365723029839
720	0.24444954128440372
1464	0.2443561329766909
581	0.24423169955442398
492	0.2440142457389977
440	0.24385915851023263
1008	0.24373523059331723
761	0.24348775225282399
1542	0.24348775225282399
439	0.24333333333333335
887	0.24327162059345678
1352	0.2430250823410185
1559	0.24290200050645733
844	0.24287124952525638
1987	0.24287124952525638
1622	0.2426255216896421
1625	0.2426255216896421
1627	0.2426255216896421
1630	0.2426255216896421
1632	0.2426255216896421
608	0.24253350189633377
487	0.24228845668098004
420	0.24213555471412343
1497	0.24213555471412343
1498	0.24213555471412343
550	0.24207444794952684
2015	0.24207444794952684
857	0.24207444794952684
544	0.2420133720196796
1983	0.2419523269012486
1594	0.241921815889029
377	0.24189131257092425
884	0.24189131257092425
885	0.24189131257092425
1462	0.24189131257092425
1984	0.24189131257092425
95	0.24155628305212795
397	0.24152587183683746
290	0.2413739305485657
853	0.24134356522833061
24	0.24125251509054327
190	0.24122218030931727
729	0.24119185315564495
1601	0.2410706207589847
505	0.2410403316999623
162	0.24079829295845362
793	0.2406472654290015
933	0.24052657973921765
934	0.24052657973921765
935	0.24052657973921765
200	0.24034577800050116
698	0.24028557114228458
707	0.24016524787180774
789	0.24016524787180774
735	0.23992496248124062
736	0.23992496248124062
2014	0.23992496248124062
1560	0.23989496061022886
915	0.2398649662415604
326	0.23983497937242157
1568	0.23977502812148482
1587	0.23977502812148482
1590	0.23977502812148482
1592	0.23977502812148482
1603	0.23977502812148482
13	0.23956543456543458
247	0.23929649494823502
355	0.2390877367896311
477	0.23855259885600597
525	0.23855259885600597
428	0.23834513604174434
429	0.23813803376365442
904	0.23813803376365442
1032	0.23813803376365442
1033	0.23813803376365442
856	0.2380789277736411
895	0.23696146245059288
896	0.23696146245059288
897	0.23696146245059288
389	0.23687368810964315
615	0.23678597877067392
763	0.23675675675675678
847	0.23675675675675678
849	0.23675675675675678
850	0.23675675675675678
851	0.23675675675675678
855	0.23675675675675678
445	0.23663994079190823
1995	0.23663994079190823
2000	0.23663994079190823
2002	0.23663994079190823
2003	0.23663994079190823
2004	0.23663994079190823
2006	0.23663994079190823
2007	0.23663994079190823
2008	0.23663994079190823
570	0.23655240443896425
1639	0.2365232400443842
577	0.2364940828402367
679	0.23646493282386294
1506	0.23637752587481517
1510	0.2361156923076923
1582	0.2361156923076923
455	0.23597047970479706
1432	0.23588343784581337
980	0.23579646017699116
1086	0.23579646017699116
537	0.23576748187292615
468	0.23570954662734983
1575	0.23562269712601328
752	0.23542029696895325
347	0.23470026914607292
1624	0.2346141616729852
450	0.2342131607862288
1636	0.23407027818448026
475	0.2339560975609756
774	0.23392756980855994
192	0.23392756980855994
202	0.23389904901243602
476	0.23389904901243602
1463	0.23369959800219273
511	0.2336426744610888
459	0.2335573411249087
456	0.23350048685491726
458	0.23350048685491726
316	0.23341525733057553
1646	0.23338686131386863
718	0.23333009000243252
161	0.23307496051512575
1633	0.23307496051512575
1634	0.23307496051512575
1635	0.23307496051512575
1435	0.2328486466804224
659	0.23270742358078603
1534	0.23234104396269833
1535	0.23234104396269833
1536	0.23234104396269833
1537	0.23234104396269833
375	0.2321723345032071
376	0.2321723345032071
861	0.23186366932559827
913	0.23186366932559827
914	0.23186366932559827
1024	0.23186366932559827
1028	0.23186366932559827
1029	0.23186366932559827
1030	0.23186366932559827
2025	0.23177963030083365
280	0.23116520062658152
985	0.23110950487893028
1517	0.23108166706817634
1677	0.23094257854821237
891	0.23083142822765013
681	0.2308036573628489
1442	0.23077589317935765
503	0.23058173076923077
504	0.23058173076923077
356	0.22991850431447747
1579	0.2298083373263057
1042	0.22961579892280073
864	0.22901277306911783
756	0.2284945212005717
1071	0.22833134967864796
1540	0.2280870288907383
435	0.2280599144079886
1531	0.2280599144079886
739	0.22784323040380047
1543	0.22757295373665484
1003	0.22749199573105658
1004	0.22749199573105658
687	0.22743805572021342
665	0.22738414128244638
1969	0.22733025239957344
249	0.22730331753554506
800	0.2270880681818182
755	0.22692689850958128
905	0.22692689850958128
107	0.2266320141760189
640	0.2266320141760189
1528	0.2266320141760189
1529	0.2266320141760189
1508	0.22660524450744154
138	0.22644475920679888
943	0.22615112578097374
946	0.22615112578097374
947	0.22615112578097374
866	0.2260711760546783
868	0.2260711760546783
867	0.22604453870625665
1546	0.22601790763430726
1547	0.22601790763430726
1548	0.22601790763430726
819	0.22596466431095408
1469	0.22580508474576272
936	0.22569882352941179
767	0.2256722738501353
799	0.22561919322592028
801	0.22561919322592028
188	0.22559266227657576
641	0.22553961909240539
877	0.22553961909240539
949	0.22553961909240539
950	0.22553961909240539
951	0.22553961909240539
952	0.22553961909240539
766	0.22551310685317974
2026	0.22551310685317974
781	0.225195445474821
414	0.2251425888980167
773	0.2251425888980167
802	0.2251425888980167
803	0.2251425888980167
804	0.2251425888980167
807	0.2251425888980167
809	0.2251425888980167
810	0.2251425888980167
815	0.2251425888980167
817	0.2251425888980167
881	0.2251425888980167
1045	0.2251425888980167
711	0.2246416861826698
264	0.22461538461538463
899	0.22461538461538463
685	0.22453651685393258
686	0.22453651685393258
1044	0.22453651685393258
1654	0.22453651685393258
443	0.2244839691083548
633	0.2244839691083548
1672	0.22445770445770447
1448	0.22443144595226955
1527	0.22443144595226955
1650	0.22443144595226955
1988	0.22443144595226955
2016	0.2239859894921191
1101	0.2236726128016789
571	0.22364653765446493
1977	0.2236204685860823
1979	0.2236204685860823
1976	0.2235944055944056
716	0.22291889379502675
672	0.22289299407459046
673	0.22289299407459046
193	0.22276358569437993
398	0.22260849385008125
1486	0.2225568445475638
636	0.22242782608695652
239	0.22191324465008677
1014	0.22122232472324727
1613	0.2204850017239398
539	0.2204343329886246
1549	0.2204090073529412
1668	0.22035837353549279
381	0.22023189071289176
622	0.22015607069084234
623	0.22015607069084234
723	0.22015607069084234
775	0.22013080895008608
777	0.22013080895008608
362	0.22010555300596607
785	0.22010555300596607
786	0.22010555300596607
787	0.22010555300596607
788	0.22010555300596607
790	0.22010555300596607
791	0.22010555300596607
876	0.22010555300596607
953	0.22010555300596607
954	0.22010555300596607
955	0.22010555300596607
956	0.22010555300596607
957	0.22010555300596607
958	0.22010555300596607
960	0.22010555300596607
962	0.22010555300596607
963	0.22010555300596607
964	0.22010555300596607
618	0.2200550584996559
619	0.22002981993347862
674	0.21992892353548094
989	0.21945092656142762
664	0.21942582637538605
863	0.21915010281014397
567	0.21910004568296026
1466	0.21900000000000003
430	0.21895001141291945
668	0.2189250256761383
841	0.21887507130633202
982	0.21855092276144908
1011	0.21855092276144908
1657	0.21855092276144908
1658	0.21855092276144908
1597	0.21842650574974384
990	0.21800454545454545
991	0.21800454545454545
992	0.21800454545454545
993	0.21800454545454545
994	0.21800454545454545
995	0.21800454545454545
1989	0.21788074957410564
780	0.217856007267772
975	0.217856007267772
391	0.2173377138325592
1648	0.21728848114169216
937	0.21691994572591589
1070	0.2168954211418881
470	0.216748390012428
1057	0.21672390420244014
1667	0.21643050541516246
818	0.2162109771216049
971	0.21611355187563366
972	0.21611355187563366
770	0.21574898785425103
771	0.21574898785425103
1644	0.21574898785425103
297	0.21570047222846864
383	0.2153856517345908
727	0.21473472128945603
182	0.21449463327370305
965	0.21447065399664617
1571	0.21365853658536588
1557	0.21356339752866527
1073	0.21316000000000002
1074	0.21316000000000002
568	0.2128525463219794
973	0.21282893277124473
2024	0.21282893277124473
978	0.2128053244592346
617	0.212710943563588
782	0.212710943563588
1021	0.21264021281312348
1051	0.21264021281312348
1053	0.21264021281312348
1020	0.2122872634723913
409	0.21224029206770662
939	0.2120291777188329
938	0.21070181219110382
966	0.21070181219110382
967	0.21070181219110382
968	0.21070181219110382
969	0.21070181219110382
1551	0.21067867340215243
97	0.2106092875178395
1577	0.21040140381662648
98	0.21021696252465483
683	0.2090714908456844
613	0.2089576298878118
305	0.20893487257678067
306	0.20893487257678067
307	0.20893487257678067
653	0.20888937282229966
1985	0.20886663037561243
1651	0.20879843273835438
1554	0.20823184630413547
706	0.20802862719583606
448	0.20787084191136637
1075	0.2071078484292346
1076	0.2071078484292346
1077	0.2071078484292346
21	0.2056646655231561
1060	0.2048739854762922
1556	0.20483023702754646
2022	0.20478650725875322
2030	0.2047427961579509
656	0.2047209476043112
726	0.2045027182603134
753	0.2044373401534527
871	0.2043720038350911
1652	0.20428495367905444
929	0.20273063510514638
925	0.20230306864916167
1659	0.20228173766343316
527	0.2008206846016958
928	0.20035926892950393
1079	0.19985831857485156
1081	0.19985831857485156
1082	0.19985831857485156
1083	0.19985831857485156
1084	0.19985831857485156
1085	0.19985831857485156
1016	0.19977507029053423
1022	0.19977507029053423
201	0.19946350592638804
298	0.19757363542739445
795	0.19652120467117393
1663	0.19627992633517496
1664	0.19627992633517496
1665	0.19627992633517496
1666	0.19627992633517496
719	0.195440097799511
1982	0.19380139408021013
2019	0.19249849488260085
2020	0.19249849488260085
327	0.19244056575383692
794	0.1919591755053032
1095	0.1905293475022346
932	0.18863716814159293
1465	0.18847038019451814
564	0.18837784760408482
1647	0.1882669283611384
1518	0.18676401869158882
1519	0.18676401869158882
1520	0.18676401869158882
1521	0.18676401869158882
1522	0.18676401869158882
1038	0.18541026384459264
2017	0.18496336290011572
453	0.18428818443804035
907	0.18404067536454338
783	0.18290018114214893
1975	0.18290018114214893
898	0.18256947087933004
901	0.1825173627628199
1655	0.1824652843827278
1978	0.18187713310580206
1971	0.1797301854974705
721	0.17949476047904192
922	0.1788755244755245
923	0.1788755244755245
2009	0.17804547563805104
2010	0.17804547563805104
2011	0.17804547563805104
2012	0.17804547563805104
2013	0.17804547563805104
1096	0.17768268963601003
1097	0.17768268963601003
1098	0.17768268963601003
1099	0.17768268963601003
1100	0.17768268963601003
183	0.17577789994502474
1056	0.17577789994502474
1552	0.17320693391115927
174	0.1729570861882438
1514	0.17291031996394773
1516	0.17291031996394773
1515	0.17289473684210527
2021	0.16921937020375763
2023	0.16921937020375763
872	0.16895112285336858
873	0.16893624515674535
874	0.16893624515674535
1653	0.1688618959598627
299	0.16425
1523	0.15374579259496715
173	0.14689433384379788
637	0.12764071856287426
917	0.00205761316872428
159	0.0019753086419753087
919	0.0015432098765432098
779	0.0014814814814814814
918	0.0012345679012345679
920	0.0012345679012345679
921	0.0012345679012345679
160	0.001128747795414462
1637	0.001128747795414462
1972	0.001128747795414462
1973	0.001128747795414462
778	0.0011111111111111111
1662	0.0011111111111111111
2018	0.00102880658436214
426	0.0009876543209876543
427	0.0009876543209876543
620	0.0009876543209876543
654	0.0009876543209876543
714	0.0009876543209876543
715	0.0009876543209876543
902	0.0009876543209876543
1460	0.0008888888888888888
655	0.0006584362139917695
1006	0.0006584362139917695
51	0.0004938271604938272
52	0.0004938271604938272
368	0.0004938271604938272
369	0.0004938271604938272
724	0.0004938271604938272
725	0.0004938271604938272
838	0.0004938271604938272
839	0.0004938271604938272
882	0.0004938271604938272
883	0.0004938271604938272
1036	0.0004938271604938272
1037	0.0004938271604938272
1087	0.0004938271604938272
1088	0.0004938271604938272
1444	0.0004938271604938272
1445	0.0004938271604938272
1512	0.0004938271604938272
1513	0.0004938271604938272
1524	0.0004938271604938272
1525	0.0004938271604938272
1544	0.0004938271604938272
1545	0.0004938271604938272
1641	0.0004938271604938272
1642	0.0004938271604938272
1660	0.0004938271604938272
1661	0.0004938271604938272
1675	0.0004938271604938272
1676	0.0004938271604938272
1980	0.0004938271604938272
1981	0.0004938271604938272
