Node_Id	Closeness_Centrality
164	0.22276881556604902
566	0.2211907346794579
428	0.21982549145258112
524	0.21601312745183981
295	0.21595173101580423
567	0.21338424647742124
639	0.21244948465577534
478	0.20884831600438095
75	0.20763076342428619
2296	0.20734745027488527
431	0.20704610054244832
479	0.20455627038246557
1677	0.20413492037182643
748	0.20324302459846758
1275	0.20225115535686014
659	0.20207185468721753
2410	0.20164282739488798
612	0.2014111973908115
911	0.20089639704493334
1208	0.1998746510760973
882	0.19818889843246792
284	0.1976561325764667
379	0.19614237336475465
466	0.19607488351585495
192	0.19570451797645863
666	0.19525188631761298
1545	0.19513487893774623
634	0.19510147401111133
2674	0.19498464678116456
2659	0.19450213506884664
718	0.19440260305942975
2558	0.19407156414404544
2443	0.19400549160539737
1645	0.19393946404082477
189	0.1939064671094695
1793	0.1937745915898847
1976	0.19346210497978386
697	0.19315062459722174
1104	0.1930361213475452
228	0.19287278057808543
780	0.1922059634768373
208	0.1920116688460798
2481	0.19168871590882294
503	0.19165648035582392
416	0.1915920417644628
1688	0.19139898571431807
450	0.1912223591335414
2601	0.19095003106909725
278	0.19087008213631
1285	0.19082214490345867
2668	0.1907582660366402
962	0.1906944299231836
687	0.18994754340598446
253	0.18988424865643233
19	0.18961571590315396
589	0.1894108792481148
187	0.1893951409116588
700	0.1893951409116588
625	0.1893007657895369
553	0.18915937932546173
1537	0.1891122974256877
93	0.18897119224604658
206	0.18897119224604658
334	0.18895552688981296
602	0.18893986413062117
562	0.18886158926769522
883	0.18876774499973611
521	0.1886115449625001
1791	0.18854913730431086
746	0.18848677093126717
16	0.18842444580241496
203	0.18831547594777046
35	0.18789634167602123
58	0.18789634167602123
824	0.18789634167602123
1319	0.18789634167602123
1548	0.18789634167602123
130	0.1877725118108422
174	0.18775704455286768
689	0.18758707274066444
467	0.1875099145172601
2643	0.18747906899751715
175	0.18746365004291585
1617	0.18746365004291585
637	0.1874328197411244
1291	0.18737118954967644
158	0.18730959987441975
231	0.18724805067541395
216	0.18712507354665575
2424	0.18710971276242108
1578	0.18707899875835635
548	0.18703294665396025
573	0.18701760099046716
113	0.18701760099046716
1460	0.18700225784492688
1306	0.18678771784576037
1767	0.186772412395265
1458	0.18669592275139762
1334	0.18663477612968263
1304	0.18657366954831903
720	0.1863448758070482
147	0.1862991843785708
484	0.1862991843785708
1128	0.18628395888131855
354	0.18626873587250256
495	0.18626873587250256
527	0.18626873587250256
611	0.18626873587250256
660	0.1862382973177395
251	0.1860862536428944
2197	0.1859192920776357
555	0.1858434994595853
692	0.18578290984365586
636	0.18566184905692057
1499	0.18566184905692057
90	0.18560137780895805
307	0.18555605021750354
72	0.18545037188770758
1673	0.18542020018480548
61	0.1853900382978295
939	0.18513405790056967
2028	0.1851039890264588
2673	0.1851039890264588
672	0.18507392991814012
967	0.1849687998759891
2542	0.184923780697048
690	0.18487878342702682
275	0.18484879741073826
23	0.18475889769569698
2486	0.18474392291066735
1284	0.1846990131165881
1489	0.18466908538214485
313	0.18454947136845712
1540	0.18454947136845712
1574	0.18448972245016704
1374	0.18444493614434485
86	0.18437034060275123
917	0.18422133038647165
794	0.1841320398151558
2364	0.18398341438952406
1716	0.18396856504211573
968	0.18386468668805467
53	0.1838498564987751
480	0.18376092557818557
1341	0.18370168607928866
245	0.18367208065042817
702	0.18359810880965072
154	0.18356853675379026
1254	0.18355375429793958
1729	0.18353897422270823
1591	0.1835094212118037
400	0.18343558030515159
84	0.18342081925418954
392	0.18340606057867828
699	0.1833617987991162
104	0.18312609631813398
565	0.18311138503147603
863	0.18308196954793685
1742	0.18296440206066894
1783	0.18294971674065444
1735	0.18294971674065444
493	0.18293503377783416
129	0.18289099902686462
1225	0.18281765486620258
2176	0.1828029930926148
983	0.18271507181337182
1439	0.18271507181337182
1516	0.18264186865960044
323	0.18256872413871156
549	0.18249563818028933
1207	0.18246642017865944
2409	0.1824372115312801
588	0.18221844438978446
1313	0.18214563855456398
2174	0.1821310843685029
2205	0.1821310843685029
1379	0.18210198297290195
381	0.1820583483124452
701	0.18202927015427356
1154	0.18189853330714337
1733	0.1818549960804064
576	0.1818404883024981
2025	0.1818404883024981
398	0.18178248033111202
681	0.181710022390929
403	0.181710022390929
2233	0.181710022390929
1541	0.18166657534644245
1690	0.18157974355706313
1812	0.18157974355706313
2452	0.18144965139880703
1080	0.18144965139880703
305	0.18142076734095938
55	0.18142076734095938
1638	0.1813630268039317
1448	0.1813485974120307
774	0.18131974551521865
2522	0.18121883613227968
368	0.18121883613227968
1061	0.1812044296742041
202	0.1812044296742041
739	0.18116122404004242
2222	0.1811180390045144
1190	0.1811180390045144
1405	0.18107487455289273
2438	0.18107487455289273
2605	0.18103173067046413
1028	0.18095986986915003
1402	0.18094550455440295
2260	0.1809024222914138
1644	0.1808880660956919
696	0.1808880660956919
1400	0.1808737121783696
1406	0.1808737121783696
1861	0.18074462936101926
473	0.18071596930720793
947	0.18067299626441136
311	0.18063004365415752
240	0.18063004365415752
83	0.18060141992487233
407	0.18054419967301497
622	0.18052990027497337
580	0.18051560314182416
1697	0.18050130827302927
1258	0.18042986787554924
1226	0.18041558658159043
3	0.18040130754822425
585	0.1803727562611232
146	0.18035848400631538
351	0.18031568079042906
220	0.18030141756619314
1817	0.18030141756619314
1115	0.180287156598261
1137	0.180287156598261
306	0.18027289788609727
347	0.18023013527886564
396	0.18023013527886564
1363	0.18023013527886564
2684	0.18023013527886564
296	0.1802158855844255
1278	0.18020163814307957
449	0.18018739295429356
2449	0.18015890933226475
645	0.18013043471406778
619	0.18010196909543408
1377	0.1800592875323338
1719	0.1800450648397957
1179	0.180030844393951
2564	0.1800166261942674
2045	0.1800166261942674
564	0.17997398506686252
297	0.17997398506686252
715	0.17995977584650352
2362	0.17993136413576047
1531	0.1798887633866162
1776	0.1798887633866162
219	0.17986037409230757
770	0.17984618280509815
941	0.17984618280509815
603	0.17983199375714506
1860	0.17983199375714506
758	0.1798178069479184
2397	0.1798178069479184
782	0.17977525994729976
1468	0.17977525994729976
1785	0.17976108208768246
291	0.1797469064641443
1219	0.1797043930047157
857	0.17969022632020604
1071	0.17969022632020604
1206	0.17969022632020604
1111	0.1796760618691324
230	0.17966189965096663
552	0.17964773966518077
56	0.17963358191124704
1972	0.17963358191124704
1099	0.17961942638863782
43	0.17960527309682559
1066	0.17959112203528316
1160	0.17959112203528316
1572	0.17959112203528316
728	0.17957697320348331
1100	0.17957697320348331
1381	0.17957697320348331
2040	0.17957697320348331
1031	0.17956282660089914
1140	0.17956282660089914
238	0.17954868222700385
744	0.17954868222700385
1335	0.17954868222700385
1891	0.17954868222700385
745	0.1795345400812708
1612	0.1795204001631735
1070	0.1795204001631735
2317	0.1795204001631735
190	0.1795204001631735
142	0.17950626247218568
607	0.17950626247218568
2078	0.17950626247218568
2203	0.17950626247218568
2660	0.17950626247218568
1576	0.17949212700778122
22	0.17949212700778122
1692	0.17946386275661866
2117	0.17946386275661866
2565	0.17946386275661866
2201	0.17944973396880914
1559	0.17943560740548012
1107	0.17942148306610622
1114	0.17942148306610622
801	0.17940736095016244
936	0.17940736095016244
943	0.17940736095016244
1220	0.17940736095016244
1287	0.17940736095016244
1411	0.17940736095016244
1595	0.17940736095016244
1676	0.17940736095016244
1730	0.17940736095016244
1873	0.17940736095016244
1651	0.17937912338646522
1944	0.17937912338646522
1906	0.1793650079376624
814	0.1793650079376624
1718	0.1793650079376624
1832	0.1793650079376624
267	0.17935089471019072
531	0.17935089471019072
1686	0.17935089471019072
1800	0.17935089471019072
423	0.17933678370352585
1573	0.17933678370352585
2639	0.17933678370352585
1214	0.17933678370352585
2297	0.1793226749171437
1380	0.1793226749171437
2275	0.1793226749171437
2249	0.17930856835052028
2252	0.17930856835052028
2281	0.17930856835052028
2287	0.17930856835052028
1131	0.17930856835052028
2266	0.17930856835052028
391	0.17929446400313173
1808	0.17929446400313173
2178	0.17929446400313173
1851	0.17928036187445442
2299	0.17928036187445442
2519	0.17928036187445442
2555	0.17928036187445442
310	0.1792662619639649
547	0.1792662619639649
766	0.1792662619639649
376	0.17920988449342037
955	0.1791676246558571
1441	0.17912538474434686
411	0.17894257504096514
1586	0.17894257504096514
871	0.1789144835849147
387	0.1789144835849147
119	0.1788022059045979
2119	0.1787741584997501
684	0.17873210388707078
386	0.17871809007933306
1013	0.17867606183834867
1317	0.17867606183834867
2630	0.17860605867981616
2629	0.17859206462993132
1728	0.1785780727727839
205	0.17855009563463994
1461	0.17852212726126362
426	0.1784941676485367
265	0.1784243069175588
723	0.1784243069175588
570	0.17839637793471189
1547	0.1783684576940147
843	0.1783684576940147
673	0.1783265937155229
1530	0.1782847493837946
1958	0.17827080563677566
2473	0.17827080563677566
633	0.1781871889361956
384	0.17817326044491624
2575	0.17815933413098436
512	0.1781454099938893
1038	0.1781454099938893
2307	0.17807582194311045
522	0.17806191085632478
2454	0.1778535050617832
1257	0.17782575447587876
2431	0.17779801254850341
2389	0.1777009839301328
525	0.17761790079262946
1761	0.17747960140713334
2259	0.17745196737032415
1239	0.1774243419375585
1915	0.17741053244643631
2000	0.17741053244643631
2384	0.17741053244643631
2413	0.17739672510481858
2256	0.1773829199122034
235	0.17736911686808915
462	0.17735531597197432
494	0.17735531597197432
675	0.17735531597197432
1699	0.17724498607090308
1025	0.17720364773939312
1354	0.17701099020515756
2488	0.17676390235531708
2427	0.17676390235531708
907	0.17666799882745415
17	0.17657219930837506
178	0.17654484709718948
1932	0.1765175033587713
541	0.1764901680891842
859	0.17646284128449435
257	0.17635361863611712
1215	0.17635361863611712
349	0.17628542311460274
137	0.17624453111202457
439	0.1761628039934936
561	0.1761491901755652
67	0.17613557846161917
1570	0.17609475593879895
1018	0.17606755143456
930	0.17604035533455467
2172	0.17602676043492266
1328	0.17585021762627787
369	0.1758095272558283
2147	0.1757959679833267
2552	0.1757824108021758
1294	0.1757824108021758
662	0.17576885571189188
2285	0.17576885571189188
976	0.1757553027119912
1021	0.17543065657444884
397	0.17541715567737523
1469	0.1753496823503203
1551	0.17528226090985954
509	0.17526878284289227
1922	0.17526878284289227
635	0.17525530684851715
319	0.17525530684851715
808	0.17521489129616524
1896	0.1751072075648624
2541	0.17508030731022456
988	0.17503997242142633
128	0.17501309281878177
693	0.1749862214702759
1204	0.1749862214702759
2466	0.1749593583721073
601	0.17494592991571217
346	0.17490565691158794
741	0.17487881854164597
2477	0.17485198840685898
772	0.1747983528275931
73	0.17478494907382974
110	0.1747581477322559
688	0.17457076823709994
322	0.1745440325347893
1920	0.17453066775435022
2391	0.17431710927438157
543	0.17415728307394665
1221	0.17414397745219756
209	0.17411737230706695
1271	0.1740774798283041
97	0.1739579119951014
609	0.17390482344333666
1560	0.17389155636800532
2231	0.1738517672848611
563	0.17379874349003538
1565	0.1737854925946793
717	0.17374575202925632
1569	0.17367955812799554
1494	0.17354732152214206
2514	0.17344167713223357
2166	0.17344167713223357
950	0.17336252820746986
1166	0.17330980237772306
1764	0.1732966259311042
1646	0.17317812801031862
304	0.17313866470731587
734	0.17313866470731587
551	0.17308607493900932
442	0.17305979203339258
2422	0.1730466535736269
2544	0.17300725016104848
382	0.17300725016104848
868	0.17298099118705426
610	0.17281050196147185
788	0.17277120600862683
29	0.17267958491453134
1026	0.17264034847169688
1141	0.17257499400907128
1809	0.17254886607659453
2046	0.17254886607659453
903	0.17254886607659453
2344	0.17250968900868946
464	0.17245748058347687
1020	0.17245748058347687
1336	0.17232709766929868
419	0.1722489625082607
120	0.17217089816993833
1138	0.1721448924455716
1192	0.1719371291296533
143	0.17189822932668278
987	0.1718334354219234
77	0.1717945825197327
173	0.17165227207408792
2336	0.17158766342004017
652	0.17154892156783424
2267	0.17136835733191594
1593	0.17129108896609407
738	0.17107253984327633
111	0.17089297652360277
264	0.17085454770045827
506	0.17081613615646088
569	0.17080333614625806
125	0.1707905380542345
2138	0.1707393648593119
872	0.17066266253906962
194	0.17063711041112545
92	0.17063711041112545
459	0.17063711041112545
237	0.1705987965625188
1010	0.17049671036515923
539	0.17048395818038997
623	0.17044571306900574
559	0.17042022585957486
1118	0.17034380994483325
224	0.17033108062111893
2326	0.17030562768020127
2655	0.17026746252870797
1270	0.17026746252870797
900	0.1702420285959977
89	0.17016577236818317
2382	0.17007689306609564
1669	0.17002614656659806
1353	0.16998810656065433
1618	0.16997543034092572
155	0.16992474436199595
605	0.1699120775901464
1929	0.1698740886027585
229	0.16979816156673225
1528	0.16976022349533132
965	0.16974758123859204
982	0.16969703103572167
20	0.1696843981889238
1635	0.16963388560480863
1485	0.16962126215745005
2594	0.16957078715011262
1581	0.16954556090983441
2125	0.1695329506040769
844	0.169495130939308
685	0.16944473095984344
1054	0.1694321356479457
498	0.16940695064078884
742	0.16939436094469484
2014	0.16935660308134434
378	0.16934402086714814
1260	0.169318862046636
1117	0.1692937107005209
1607	0.1692685668254726
2226	0.16915551175301027
901	0.16914295939980808
2198	0.16913040890938738
412	0.16908022556722896
765	0.16906768438449885
1878	0.16904260759951154
2034	0.1689674218585481
568	0.1689423748052041
966	0.1688047486389553
827	0.16879224828730846
88	0.16871728503862427
1650	0.16871728503862427
331	0.16860496492875313
2379	0.1685924941473235
849	0.1684803400747885
1558	0.16845543720876607
1513	0.16845543720876607
345	0.16843054170337793
1033	0.16841809670990202
560	0.16839321223934794
1482	0.16824405970414924
1674	0.16824405970414924
1433	0.16823164225196055
1276	0.16814477138328515
1238	0.16811996761113834
144	0.16810756846904742
2216	0.16809517115573847
2583	0.16802082565765988
1162	0.16792180056518444
1316	0.1678599691340904
44	0.16783524930946275
1602	0.16774878722930628
1601	0.16772410013773464
1935	0.1676994203113459
336	0.167477628278605
1329	0.16742842080739045
81	0.16735466379381894
528	0.16731780965072404
669	0.16729324923829825
471	0.16728097173578552
755	0.16728097173578552
490	0.16726869603521052
204	0.16724415003828702
105	0.16724415003828702
1147	0.16724415003828702
1007	0.16721961124435578
704	0.16713378214340915
578	0.16712152803517955
996	0.16709702520869538
27	0.16703579956557335
2506	0.16690126095568672
1713	0.16687682267163143
2562	0.1668646062131635
329	0.16684017866138295
2291	0.16680355074071085
586	0.16679134500745016
848	0.1667425399321005
1936	0.1666450154168602
2386	0.1666450154168602
363	0.16659629592689765
344	0.16658412050513877
865	0.16658412050513877
1387	0.16657194686289198
1312	0.16653543660932374
2292	0.16652327008122544
168	0.16651110533068988
764	0.1664989423573275
725	0.16647462174056485
1933	0.16646246409638601
218	0.16646246409638601
312	0.16646246409638601
2584	0.1664503082278234
37	0.16642600181599107
686	0.16642600181599107
935	0.16642600181599107
656	0.16641385127194377
199	0.16641385127194377
74	0.1664017025019575
114	0.1664017025019575
176	0.1664017025019575
236	0.1664017025019575
316	0.1664017025019575
337	0.1664017025019575
350	0.1664017025019575
370	0.1664017025019575
546	0.1664017025019575
600	0.1664017025019575
621	0.1664017025019575
629	0.1664017025019575
475	0.16636526683248037
2094	0.16634098524934784
2335	0.166280312290036
1113	0.1662681830091045
654	0.16623180578119995
812	0.1662075631378018
1500	0.16609855868773693
2677	0.1660380624178186
1870	0.16601387624703667
1679	0.16596552503799428
211	0.16589305100959342
650	0.1658085779349541
2341	0.16576034622004315
2703	0.16573624088357547
2429	0.16568805123732017
1062	0.16567600820408587
215	0.16560378675325585
180	0.1655917559659872
45	0.1655196079349222
117	0.1655196079349222
226	0.1655196079349222
761	0.1655196079349222
121	0.1655196079349222
750	0.16548355749033059
1464	0.16548355749033059
134	0.16547154416492296
2606	0.16547154416492296
2295	0.16532752019089098
854	0.16531552950912487
2043	0.16527956789731083
1120	0.16525560218022284
1412	0.16525560218022284
817	0.1652316434122373
719	0.16521966663321352
1266	0.16521966663321352
1756	0.16519571828321594
2051	0.16519571828321594
2353	0.16519571828321594
2261	0.16518374671148733
2502	0.16518374671148733
414	0.1651717768747691
1132	0.16514784240485536
1241	0.1650641263575794
1222	0.1650641263575794
1367	0.1649208104241237
1590	0.16482540464761108
2175	0.16480157044839952
1039	0.16477774314117066
1274	0.16473010919070707
899	0.16468250277232957
1076	0.16465870988021483
2381	0.1645992577174909
2455	0.16450422350402813
583	0.1643737305020418
961	0.16432632981557305
1642	0.16430263972261325
980	0.16427895645922982
2330	0.1642197781607935
1960	0.16416064248266574
413	0.16416064248266574
711	0.1641370001347889
1249	0.16411336459585382
894	0.1640661139330464
424	0.16385382221779984
2013	0.16385382221779984
823	0.16374788224653833
1187	0.1636655791535732
463	0.1636303317208768
2365	0.16361858595016968
356	0.16360684186561972
925	0.16355988238173175
626	0.16354814672252377
1619	0.16353641274729613
2361	0.16347776811818213
713	0.16337231370927566
2221	0.16329038762603437
2503	0.16324360960193468
2648	0.1632202306388696
1429	0.16311510812020993
108	0.16309176594675256
2375	0.16306843045298425
263	0.16305676521008752
2204	0.16304510163603816
2406	0.16304510163603816
135	0.16303343973047807
161	0.16303343973047807
1175	0.1629285576034177
2022	0.1628819866279701
2240	0.1628819866279701
2505	0.16284707586424332
109	0.1628121800622724
2569	0.16268435663919875
454	0.16267274627974693
1123	0.16261471933165542
773	0.16253355111749956
1633	0.162510375079981
1410	0.16246404282764174
198	0.16245246389222534
149	0.1624408866071703
2485	0.16242931097212382
2617	0.16242931097212382
2615	0.16242931097212382
592	0.16240616465064578
430	0.16237145753467827
641	0.16234832769742263
1198	0.16233676524975527
1757	0.16223277728625007
252	0.1622212312911404
57	0.16215198981801338
2369	0.16209433372719484
371	0.16208280742884262
2509	0.16208280742884262
2234	0.16204823836711316
32	0.16195612625208283
709	0.16195612625208283
737	0.16195612625208283
474	0.16194461960012888
1582	0.16194461960012888
651	0.1618756140097872
1965	0.16184113326269622
443	0.16184113326269622
1839	0.16181815425754748
287	0.1616460194930724
1964	0.16163455686227582
2196	0.16163455686227582
2448	0.16163455686227582
179	0.1616230958570385
79	0.1615772680847674
1514	0.1615772680847674
971	0.1615658152021416
1563	0.1615429143070031
1592	0.1615429143070031
1323	0.1615085751344019
46	0.16149713198751692
221	0.16149713198751692
640	0.1614628122739827
64	0.1614399405674491
1987	0.1614399405674491
1863	0.1614399405674491
1864	0.16142850714389614
1268	0.16124579236501227
805	0.16123438642369767
2311	0.16108625589200096
2092	0.1610748725087848
1515	0.1610634907343
447	0.16102935505982435
1453	0.1609952338516608
1376	0.160983863328753
255	0.16084754222509448
2430	0.16083619255375486
756	0.16081349801550823
2439	0.16080215314792337
1583	0.16080215314792337
427	0.16077946821413655
1698	0.16073411754261432
790	0.16072278387193722
1177	0.16068879244778383
1355	0.1606774651678989
1792	0.16066613948486738
1534	0.16058690438719272
1229	0.16058690438719272
4	0.1605642801403081
140	0.1605190507656207
1158	0.1605190507656207
145	0.16048514545320097
1338	0.16043996064417637
1609	0.16041737777970397
1738	0.16040608873130288
2651	0.16036094842210594
1050	0.16034966731423242
1072	0.16034966731423242
457	0.16029328557467043
898	0.16027074397917407
2079	0.16027074397917407
441	0.16021441771784733
1205	0.16020315721618034
1948	0.16020315721618034
722	0.1600906391959414
2278	0.16007939608622893
1432	0.16004567623029164
2068	0.16000073851409616
182	0.15991093874504095
452	0.15989972086087784
579	0.15984365504009915
575	0.15982123971896045
2690	0.15981003441574798
1056	0.1597876285223844
2656	0.1597876285223844
2625	0.1597092573480811
2320	0.1596533249892704
2339	0.1596533249892704
992	0.15964214321836487
912	0.15961978437477686
2581	0.15955274540611883
1423	0.15955274540611883
372	0.1595080840358162
1580	0.15949692259966508
1340	0.1594411388410614
1623	0.1594299867714775
2194	0.15941883626184178
1833	0.1593296883036358
956	0.15931855181881693
2096	0.15931855181881693
1170	0.15927402144307273
2411	0.15922951595332266
2665	0.15919615315489688
2347	0.15917391905529424
1837	0.159129469482813
210	0.15910725400473363
2081	0.15909614859159724
880	0.15907394241550796
2104	0.1590517424375001
2354	0.1590517424375001
402	0.1590406447719658
1389	0.15902954865497898
2041	0.15901845408621554
1261	0.15900736106535152
729	0.15900736106535152
2374	0.1589962695920629
415	0.15897409128691684
299	0.1589408354279209
695	0.1589297532332878
1608	0.1589297532332878
2537	0.1588632925057021
2035	0.1588522211214589
550	0.1588522211214589
1471	0.15878582520876444
1330	0.1587194847762561
2170	0.1587084334265293
2595	0.1586973836156662
1480	0.1586531997544243
1991	0.15863111704863342
394	0.15849874979986187
676	0.15848772916644513
2062	0.15846569249665
1074	0.15845467645963252
157	0.1584436619541091
1352	0.15843264897976045
836	0.15837760706446732
500	0.15834460026896935
2530	0.15834460026896935
598	0.1583116072282132
2451	0.1582566493697017
254	0.15817977244079207
1144	0.15817977244079207
683	0.15813587629192546
520	0.15813587629192546
1628	0.15809200449936286
2163	0.15805911662657332
829	0.15805911662657332
2301	0.1580371989788403
483	0.1580262424342633
169	0.15801528740879126
2658	0.1579933819138985
1665	0.15798243144384624
886	0.15793864473890062
1087	0.15790582063538716
767	0.15785114410469625
1596	0.1578402133419994
1156	0.15781835635753055
1919	0.15779650542553228
877	0.15777466054349093
1484	0.15773098891923146
1182	0.15767643337519466
876	0.1576437181597492
786	0.15754565391704545
2405	0.15753476542067965
2343	0.1575238784292891
2399	0.1574912264818499
632	0.15739335180719607
1250	0.15739335180719607
1462	0.15737161839766733
2020	0.1573390295348805
248	0.15728474474688198
1701	0.15727389228398633
1705	0.15727389228398633
2681	0.15726304131860175
160	0.15726304131860175
1431	0.15725219185041833
1227	0.1572088089435005
1672	0.1571762874687501
1289	0.1571762874687501
867	0.15716544996702844
891	0.15716544996702844
12	0.15715461395972238
2400	0.15712211490120725
1224	0.1571112848684735
1501	0.1571112848684735
1245	0.1570463360115622
1004	0.1570355164224467
1777	0.15700306659814117
1524	0.15699225297002642
34	0.15692740246966017
1017	0.15692740246966017
472	0.1569057975405668
1684	0.15688419855955768
2414	0.15686260552417683
2415	0.15686260552417683
456	0.15685181123532987
375	0.15685181123532987
1005	0.15685181123532987
724	0.15684101843196957
1000	0.1568302271137893
1519	0.15680864893174282
2688	0.15678707668673916
1909	0.15675472944582997
1184	0.15667930443166167
1463	0.15666853535444455
1589	0.15664700164056172
181	0.15663623700328572
963	0.15662547384537992
338	0.1566039519664592
364	0.1565931932448347
1093	0.1565501731368004
1523	0.1565501731368004
1974	0.1564749447979552
2447	0.1564749447979552
491	0.1564642037940564
1887	0.15645346426465875
2337	0.15645346426465875
1885	0.15645346426465875
1886	0.15645346426465875
2418	0.1564212545204374
153	0.15639978872456523
1813	0.15639978872456523
667	0.1563783288194164
616	0.15636760107510556
932	0.15632470481255153
103	0.15632470481255153
163	0.1563139844240717
1535	0.15628183207897248
1913	0.15622827422013802
499	0.15615335485865683
1739	0.15615335485865683
2090	0.15611057604765521
504	0.15608919543051522
1150	0.1560785073179823
2675	0.15602508870366308
1486	0.15602508870366308
2442	0.15600373149488836
1401	0.15600373149488836
207	0.1559930550829328
36	0.15597170664238497
2324	0.15592902728634653
646	0.15592902728634653
1741	0.15591836109664228
290	0.15589703309430367
1262	0.15586505202898068
502	0.1558543945895257
1720	0.1558543945895257
1584	0.15580112924619371
1408	0.1557904805462247
1556	0.15575854317833907
432	0.15574790029872318
1299	0.15573725887344997
1604	0.15571598038473927
361	0.15568407355179387
2159	0.15568407355179387
776	0.15564155144225425
2312	0.1556202990968672
2618	0.1556202990968672
1290	0.15557781181296934
837	0.15552473532149383
1577	0.15552473532149383
2420	0.15550351486367947
1704	0.15545048904533953
1102	0.15545048904533953
1164	0.15543988822093657
2628	0.1554292888422648
2318	0.15540809442093229
934	0.155386905778977
2687	0.15537631362452717
1758	0.15535513364720652
1842	0.15534454582374524
2667	0.1553022089576762
1898	0.1552281749435994
1475	0.1552281749435994
657	0.1552281749435994
2474	0.15520703533105093
85	0.1551964676837893
1811	0.1551964676837893
1693	0.15516477337452783
2348	0.1551119782832129
1924	0.15510142357592635
1370	0.15510142357592635
1709	0.15510142357592635
1600	0.15509087030494753
536	0.1550592191069261
2661	0.1550592191069261
1571	0.1550381254844112
1119	0.15502758082512505
1880	0.1549538083529445
1134	0.1549116841696217
1667	0.1549116841696217
2370	0.15489063066538553
1001	0.15489063066538553
1533	0.15488010605910266
18	0.15486958288298777
1890	0.15485906113674935
771	0.1548275044743794
2100	0.15481698844473366
1491	0.15476442971698898
171	0.15474341621668797
1892	0.15474341621668797
1103	0.15474341621668797
435	0.15473291160625982
811	0.1546384342518191
1894	0.15461745494992632
2268	0.15460696743348123
2183	0.15459648133965098
1925	0.15452311849175063
1008	0.15451264376842555
1288	0.1544707590723647
437	0.15442889707803617
661	0.15442889707803617
2258	0.15439751546920097
927	0.1543870577669882
289	0.15436614661193374
904	0.15434524112078912
1941	0.1543347904984639
678	0.15428255860781193
731	0.15428255860781193
1253	0.15426167574931063
1632	0.1542199269872675
2033	0.1541156538790949
408	0.1541052343230217
1798	0.15405315766908714
2704	0.15405315766908714
1337	0.15404274656158773
1689	0.1540323368611849
847	0.15401152168052795
2334	0.1539907121248354
952	0.15395950833311814
515	0.15394910987922558
1968	0.1539179229436028
1827	0.15390753010613192
1456	0.15389713867205548
845	0.1538555869640104
2637	0.1538140576875507
628	0.15378292544000902
981	0.15374143537513918
984	0.15372069873697153
1910	0.15369996769196317
1970	0.15369996769196317
944	0.1536585223723752
2313	0.15354466290817204
1083	0.15354466290817204
1082	0.15352397931378822
1695	0.15347229469915255
2058	0.15347229469915255
2578	0.15346196195191636
1331	0.15343097205653028
2127	0.15339999467473006
960	0.15338967166028356
1231	0.1533690297989378
2444	0.15331744944318382
1779	0.15330713753509642
1796	0.15330713753509642
2050	0.15330713753509642
1112	0.15326590377029412
2083	0.15326590377029412
1794	0.15326590377029412
1522	0.1532349929997858
1232	0.1532349929997858
1183	0.15321439274529905
682	0.15320409469497337
1233	0.15320409469497337
958	0.15318350274676168
1395	0.15318350274676168
1562	0.15318350274676168
957	0.15318350274676168
15	0.1531732088483176
1487	0.15315262520135817
148	0.15311147449934934
1390	0.1530703459050308
2251	0.1530703459050308
1882	0.15306006720869014
214	0.15306006720869014
735	0.15306006720869014
1691	0.15306006720869014
2165	0.15306006720869014
751	0.15304978989268875
2303	0.15304978989268875
869	0.15295735611809244
1251	0.15289579560449515
1252	0.15289579560449515
47	0.15287528644344825
1594	0.15286503392608233
256	0.15276258433562184
1662	0.15275234692881742
1011	0.15273187623102477
1627	0.15273187623102477
1474	0.15270118046974032
2088	0.15270118046974032
162	0.1526909512909843
1712	0.15266027197587662
2207	0.15266027197587662
1426	0.15265004827697654
1064	0.15260916717138548
2136	0.15258873482874638
1966	0.15257852070900418
404	0.15256830795661402
2250	0.15256830795661402
1124	0.1525478865527917
2329	0.1525478865527917
1746	0.15250706014129625
538	0.15249685695268708
69	0.15246625557670995
665	0.15246625557670995
2432	0.15245605784708807
1955	0.15244586148152847
2262	0.1524254728415015
1555	0.15238471191815842
239	0.15236433963046883
39	0.15234397278918688
1554	0.15234397278918688
989	0.15233379141026626
937	0.15233379141026626
1046	0.15231343273450143
2108	0.1523032554371117
1326	0.1522930794996869
2331	0.15228290492195443
1912	0.15225238934418633
577	0.15221172092633145
1685	0.15221172092633145
1185	0.15221172092633145
2153	0.15220155721633372
2146	0.1521913948635784
410	0.15215075901954567
608	0.15215075901954567
1816	0.15213044923391936
1443	0.15213044923391936
1446	0.15211014486965724
2494	0.15211014486965724
2214	0.15209999471985944
2059	0.15208984592458888
584	0.1520492642833576
2642	0.1520391222566578
1199	0.15198843241126983
1364	0.15197829849792063
1085	0.1518972758144618
1455	0.15184668049242647
2697	0.15183656547240965
1217	0.15183656547240965
1078	0.15181633947461126
131	0.15179611886466526
393	0.1517860105794642
1122	0.1517860105794642
1725	0.1517860105794642
2676	0.1517759036404191
1467	0.15174559089753104
1108	0.15170519273689276
91	0.15168500172168853
1237	0.15166481608036556
2515	0.15165472527423912
2005	0.15165472527423912
1444	0.15165472527423912
2139	0.15163454768971618
1868	0.15161437547371384
2272	0.15161437547371384
1858	0.15159420862408976
451	0.15145319075560223
1174	0.15144312808928403
508	0.15142300676754225
2561	0.15136267487029775
352	0.15136267487029775
71	0.15134257492011247
1075	0.15133252694674104
2328	0.15124215519022052
1043	0.15124215519022052
1029	0.15124215519022052
1772	0.15124215519022052
2434	0.15124215519022052
1953	0.15117194063349343
627	0.1511418686341631
1477	0.15109177521356315
928	0.15105172437851647
2471	0.15102170018364897
1770	0.15101169477089
1058	0.15100169068379024
1647	0.15099168792208623
1517	0.15098168648551458
1236	0.15098168648551458
501	0.150971686373812
1180	0.15096168758671527
40	0.15095169012396117
2308	0.15093169917042867
2428	0.15092170567912427
604	0.15092170567912427
2288	0.15092170567912427
1019	0.15090172266612473
1193	0.150891733143904
1035	0.1507819356268978
2327	0.1507819356268978
834	0.15076198960723686
1143	0.15073208047029585
1737	0.150722113394949
1727	0.15071214763764967
112	0.15071214763764967
2500	0.15071214763764967
855	0.15071214763764967
2200	0.15070218319813644
2031	0.15070218319813644
1372	0.15069222007614794
243	0.15068225827142287
1981	0.15068225827142287
133	0.15065238075821638
1300	0.15065238075821638
1680	0.15064242421993349
1438	0.15064242421993349
2654	0.15063246899760863
1036	0.15063246899760863
1425	0.15061256249978947
1561	0.15061256249978947
2527	0.15060261122377364
2103	0.15059266126267268
2217	0.15057276528417318
102	0.15055287456220698
1797	0.15055287456220698
1671	0.15049323391468467
2689	0.15049323391468467
2706	0.15049323391468467
38	0.15047336419803364
768	0.15047336419803364
1297	0.15046343130713669
1840	0.1504435694589013
2212	0.15042371285368006
862	0.1503939377719592
225	0.15038401536397797
1532	0.1503740942651942
2576	0.15036417447534886
2619	0.1503245084001724
1409	0.15031459515113516
401	0.15030468320948326
101	0.15027495522625356
1148	0.15024523900018547
2255	0.15024523900018547
362	0.15023533620299326
2421	0.15022543471111935
1280	0.15020563564229417
1599	0.15020563564229417
1947	0.15020563564229417
2123	0.15019573806482694
781	0.15019573806482694
929	0.15018584179164615
66	0.15018584179164615
330	0.150175946822494
1097	0.15015616079524463
489	0.1501363799810179
2126	0.15011660437775382
1786	0.15011660437775382
2238	0.15010671852958932
537	0.1500968339833935
1503	0.1500770687958792
1442	0.1500770687958792
942	0.1500671881540466
1937	0.1500573088131543
1835	0.1500474307729454
779	0.1500375540331631
2206	0.1500375540331631
324	0.15002767859355057
1884	0.14999806007316488
2491	0.14999806007316488
2055	0.14998818983166504
260	0.14992899565031992
486	0.14992899565031992
2158	0.14990927463806733
970	0.14990927463806733
2177	0.14990927463806733
617	0.14989941607732563
1242	0.14989941607732563
1664	0.14989941607732563
1597	0.14985014271723185
2316	0.1498304424421096
360	0.14982059424686564
1668	0.1498107473461593
2342	0.1498107473461593
906	0.14979105742733875
1631	0.14977137268360693
1344	0.14974185526683836
2590	0.14972218345190577
1450	0.14972218345190577
878	0.14962390185583652
668	0.1496140807923737
184	0.14960426101810276
1611	0.1495944425327698
1037	0.149574809427903
1641	0.1494865241914883
513	0.14945711893461502
1888	0.14939834311278846
2671	0.14935918490739883
2173	0.14932004722383319
1413	0.14929070741890318
1315	0.14929070741890318
1200	0.14929070741890318
519	0.1492516056097311
2678	0.1492516056097311
2533	0.14924183335767785
1159	0.1492320623852176
1658	0.14919299128628183
2557	0.14919299128628183
2167	0.14916370138549923
1889	0.14915394064074164
118	0.14915394064074164
2355	0.14915394064074164
1490	0.14913442298297658
1479	0.14907590064563858
1009	0.149056403405167
1051	0.14903691126401292
262	0.14892006539081495
1196	0.14888115747039934
2591	0.14885198986951045
1012	0.14872572888371483
1821	0.14869662214572468
1424	0.148686922431299
2004	0.148686922431299
2516	0.148686922431299
1759	0.14866752679831813
2598	0.1485803090327758
2077	0.1485706244864955
1371	0.14854157842110222
1414	0.14851254371069936
1579	0.14851254371069936
1687	0.14848352034862963
1824	0.14842550764288687
282	0.148406180146612
1269	0.14839651828592537
558	0.14836754025072016
14	0.14834822784717305
732	0.14834822784717305
1575	0.14832892047060675
2283	0.14831926866682807
1934	0.14828067400935557
1636	0.14825174119491472
1235	0.14825174119491472
1286	0.14822281966912562
2563	0.1482131816679767
1129	0.14812649602754183
2193	0.14808800161589228
2015	0.14807838113894717
2019	0.14807838113894717
2403	0.14805914393451208
2036	0.14803991172772707
2304	0.14803991172772707
544	0.14803029749784477
318	0.148011072783884
2179	0.147991853062707
2390	0.1479822450738047
460	0.14794382559043381
1643	0.14794382559043381
1430	0.14791502406695742
470	0.1478862337553892
1053	0.14787663947527013
2232	0.147867046439949
2636	0.147867046439949
80	0.14783827480035114
2018	0.14783827480035114
721	0.147799930026703
2360	0.14779034694104998
2521	0.14779034694104998
247	0.14779034694104998
1302	0.14779034694104998
70	0.14778076509801696
150	0.14778076509801696
913	0.14775202702222165
1588	0.14775202702222165
1610	0.14775202702222165
1722	0.14775202702222165
212	0.1477041550590859
2032	0.1477041550590859
406	0.1476371864027342
395	0.14761806365337826
2229	0.14757983301209543
123	0.1475607251163212
2228	0.14753207254833747
2279	0.14752252416489636
2284	0.14752252416489636
421	0.14751297701733196
2612	0.14751297701733196
2610	0.14747480078104386
116	0.1473985075576703
165	0.14738897645469215
2054	0.14729373317426905
446	0.14729373317426905
1420	0.14729373317426905
1428	0.14729373317426905
945	0.14725567031925924
418	0.14717960359474486
1625	0.14717960359474486
76	0.14715109882968455
30	0.1471415996947785
1703	0.14709412241041647
2401	0.1470561626368912
193	0.1469992596976534
1293	0.1469992596976534
979	0.14692345757843325
1310	0.14691398780997833
99	0.14687612094025476
743	0.14684773359565867
172	0.14682881479462856
885	0.14682881479462856
11	0.14680990086769377
281	0.14680044573142356
2550	0.14677208762857782
2180	0.14670596130989338
2306	0.14670596130989338
775	0.14663046129763999
1307	0.14662102925973328
246	0.14660216882375957
26	0.1465550389553021
7	0.1465550389553021
2464	0.1465550389553021
2508	0.1464796941630881
1481	0.1463856220455856
2340	0.14637622147905302
298	0.14631984342481794
1755	0.1462353577257852
2325	0.14611349492768036
2463	0.14610412927836763
789	0.14607603953292833
2587	0.14607603953292833
2230	0.14600118632281667
1702	0.14582371702845717
1826	0.14579573499244045
1829	0.14571185328081657
798	0.14569322600650775
2456	0.14561876450979452
1907	0.14560016102662496
1830	0.14560016102662496
1857	0.14560016102662496
1869	0.14560016102662496
2441	0.1455722647127228
1343	0.1455350862515524
2682	0.14550721486573978
2540	0.14545150410770302
1648	0.14545150410770302
2333	0.14539583599360936
587	0.14534021047451468
2607	0.14525685195461469
2551	0.14524759579887933
2211	0.14524759579887933
2310	0.14521058296947273
614	0.14512737303398787
2089	0.14512737303398787
136	0.1451088948861608
2476	0.14508118648538054
2426	0.14503502932500723
315	0.14503502932500723
557	0.14503502932500723
1945	0.1449796794855498
261	0.14495202040520277
1911	0.14495202040520277
972	0.14494280305683668
2525	0.14487831442648025
259	0.1448230841140996
302	0.1447770910106589
1585	0.1447770910106589
167	0.14476789589532002
1549	0.14474950916821067
870	0.14473112711104283
132	0.14471274972203757
2128	0.14463928681209554
2140	0.14461175744650512
1032	0.14457506792286018
355	0.1444559554389894
2571	0.1444468010691897
784	0.1444010466184234
2219	0.14438275295317754
1529	0.14431876161021995
2356	0.14425482696486386
377	0.14425482696486386
2132	0.1442183183088778
152	0.14420919403212792
1048	0.14419094894178983
807	0.1441635899609015
332	0.14415447260762798
1359	0.14409979269641002
572	0.14409068341057044
1357	0.14398146174416107
2115	0.14396327422925623
526	0.14390873924312228
1272	0.14388148724099317
2099	0.14387240553378866
556	0.1438542455583347
1110	0.1438542455583347
1415	0.14380886567014597
488	0.1437997931279928
1788	0.14375444758273295
1748	0.14374538190526667
420	0.14371819173214462
2539	0.14365478797956852
390	0.14362763206501664
1566	0.14362763206501664
1740	0.14358239501554731
763	0.1435552664612554
2526	0.1435552664612554
288	0.1435281481564016
1267	0.1435281481564016
1657	0.1435281481564016
63	0.14351911099809933
2536	0.1434920063501299
821	0.1434288019677708
1652	0.14341075379840276
1895	0.14334762095917325
658	0.14332959321334426
910	0.1433115700013715
828	0.1433115700013715
1544	0.1432845436806521
1546	0.14325752755149354
1969	0.14324852443890232
6	0.14323052160813207
975	0.14321252330182294
1483	0.14316754731937778
200	0.14311361341569748
1626	0.14311361341569748
2246	0.1430776800497027
2620	0.14303278870932565
2383	0.14297895627097063
1938	0.14293412684967793
320	0.14292516433858876
861	0.14279086142152564
830	0.14273721090060829
2608	0.14271933635162568
2623	0.1427014662788339
1067	0.14266573955509881
1130	0.14265681066915845
48	0.14252301137196358
1136	0.14245175431984336
1975	0.1424339511886405
2073	0.1424339511886405
122	0.14242505129166544
964	0.14236278314107886
2063	0.14236278314107886
1825	0.14233611345521505
1088	0.14233611345521505
1348	0.14231833921527307
2	0.14231833921527307
317	0.14231833921527307
1509	0.14224728662455152
819	0.14223841003880272
258	0.14222066019041704
2596	0.1421585705919804
1846	0.14211425406021658
2663	0.1419549430698022
2453	0.14194610293136217
999	0.14193726389387967
951	0.14191075338512102
1151	0.14190191874941255
1749	0.14188425277757943
1311	0.1418136328545893
866	0.14177834924872887
1506	0.1417607140289703
1142	0.14169021699955328
1820	0.14169021699955328
2493	0.1416197900510602
948	0.1416021942518366
272	0.14159339799178866
792	0.14156701576745628
733	0.14155822387727077
2475	0.14151428080162748
2148	0.1414264764454808
126	0.1414089286476713
1986	0.1414089286476713
1394	0.14140015638162615
1496	0.14139138520388397
2613	0.1413738461124985
2416	0.14128621588494475
946	0.14126870287398907
977	0.14119869422485373
753	0.14114623325727993
2192	0.141128754929838
1403	0.14111128093058958
1918	0.14104142818339296
242	0.1409367786354921
2067	0.14088451207564212
314	0.14085839333035555
269	0.14084098621303842
458	0.14083228426764374
1404	0.14077140074554187
2124	0.14075401512114447
822	0.1406237596934921
1637	0.1406064105158111
1094	0.140580394774381
2152	0.140580394774381
1095	0.14053705659238014
2069	0.14049374512276958
2168	0.14049374512276958
2404	0.1404504603408598
2582	0.1404504603408598
2080	0.1404158517139046
2425	0.1404072022219917
2597	0.14035532763989
1876	0.14034668560259922
2450	0.14034668560259922
613	0.14029485571932132
1879	0.14026895513057316
2227	0.14024306410335408
2047	0.14023443588481688
2253	0.14023443588481688
1675	0.14021718263237043
1681	0.14021718263237043
1189	0.14020855759806938
1362	0.14020855759806938
1407	0.14020855759806938
445	0.14015682966683968
1126	0.14015682966683968
1059	0.14015682966683968
1843	0.1401223655788906
2181	0.1400620941914596
1324	0.14005348822561067
461	0.14003627946622926
922	0.14002767667230703
1726	0.14002767667230703
624	0.140019074935304
842	0.140019074935304
1279	0.14000187463127656
2056	0.14000187463127656
2433	0.14000187463127656
1202	0.13993311565300595
2559	0.13989876148479802
2093	0.1398129498173228
65	0.1397958001148
2286	0.13974437624129812
2538	0.13973580927365215
1197	0.13971867848913902
2696	0.13955614528083107
2130	0.13950489753790402
595	0.13948782331998125
1195	0.1394792877782287
909	0.1394110410319152
540	0.13938546571710475
348	0.13937694269731035
800	0.13930879604399302
1775	0.13920670092047233
938	0.13918969961356947
1188	0.13918969961356947
2480	0.13918120051729949
2156	0.13915570945493366
2572	0.13907929226138346
542	0.13901991466649266
188	0.13887592279728347
1470	0.13879136094938888
2274	0.13876601247241044
2061	0.1387153432857725
2053	0.13870690201860975
2016	0.13870690201860975
2060	0.13869846177874004
2691	0.13864784190217844
1951	0.13863940884811224
1959	0.13863940884811224
2479	0.13863940884811224
21	0.13859725896095182
838	0.13855513469526556
10	0.1384962037229198
2398	0.1384709629349258
1106	0.13838689338059704
1034	0.13837009171807282
1298	0.13837009171807282
52	0.13825259421797864
1567	0.13821067917001054
1125	0.13821067917001054
1903	0.13821067917001054
2157	0.13819392026626734
2545	0.13819392026626734
707	0.13818554233839428
2105	0.13809345213085022
769	0.13808508637982758
1165	0.13808508637982758
959	0.13803491315156627
706	0.137993129971656
2635	0.13795972163611026
1369	0.13794302353375779
933	0.13789295347076913
2604	0.1378679320674901
2614	0.1378679320674901
888	0.1377512854820701
2202	0.13773463779514253
754	0.1377096738081086
655	0.13770135448993015
1488	0.13766808726652255
1398	0.1375600797146538
1378	0.13755177846067307
2011	0.1374356660157862
986	0.13741909452413417
156	0.13740252702826053
2038	0.13740252702826053
1421	0.13739424477828896
1397	0.13738596352672014
740	0.13729493560244632
2592	0.13722880920360106
2091	0.13717925619112986
1186	0.1371710008347965
810	0.13712148955494277
1308	0.13709674731575927
1092	0.13707201400395777
1731	0.13703905013357864
1173	0.13694848118672276
2282	0.13690735304653814
2199	0.13677590884319316
2273	0.13676770196038723
993	0.136743087220098
995	0.136743087220098
1002	0.136743087220098
1040	0.136743087220098
1041	0.136743087220098
1090	0.136743087220098
1305	0.136743087220098
1318	0.136743087220098
1427	0.136743087220098
1466	0.136743087220098
1696	0.136743087220098
1465	0.13670208233608094
1694	0.13667749120776002
832	0.1366529089251687
1963	0.13660377087809025
523	0.1365955846390492
902	0.13653830842648937
1828	0.13646473812320026
809	0.13644839993246416
1984	0.13644839993246416
2407	0.13644839993246416
787	0.1364402323040712
2270	0.1363096831044022
244	0.1362852329370292
1365	0.13625264635494133
663	0.1362037956899799
2210	0.13611432705552454
1060	0.13609807265773907
328	0.13606557550571954
1498	0.13602497588302284
791	0.13599251362519024
1511	0.13599251362519024
2705	0.13598440048155433
358	0.13595195758510162
2497	0.1358385292533858
2546	0.1358223406549764
2182	0.1358223406549764
1795	0.13580615591466955
1789	0.13580615591466955
2057	0.13578997503108622
1281	0.13575762482857737
1139	0.13555578476787475
1105	0.135547723648419
1587	0.135547723648419
1356	0.13541887600236535
858	0.13539474433453008
1855	0.1353545439947633
1856	0.13533847054220483
518	0.1353304352473914
383	0.13530633508677511
234	0.13527421488853494
2373	0.13522606317464486
1345	0.13521002022018114
2029	0.13519398107187508
1015	0.13518596292460788
1598	0.13512986251314996
1077	0.1351058337307696
1079	0.1351058337307696
1149	0.13509782603555084
107	0.13502579947111035
511	0.13495384966677407
762	0.13493787123323547
2224	0.13493787123323547
191	0.134929883435258
1178	0.1349218965829178
2609	0.1349059257144776
2600	0.13484208003264397
59	0.1348181534791396
1346	0.1348181534791396
476	0.13481017984810822
864	0.13480220716019953
642	0.13478626461308107
1116	0.1347225321160715
2599	0.1346588598612757
2627	0.1346509050609531
2392	0.1345237559532468
2549	0.1345237559532468
1538	0.13448407108807678
1536	0.1344761369245908
2293	0.13444440963028276
2185	0.13442855159659198
1055	0.1343572367151084
1358	0.1343572367151084
516	0.13425435981103861
1804	0.13419902978344503
2484	0.13413585128416486
2586	0.13412006595303405
881	0.13407273224350413
816	0.13407273224350413
2141	0.134041194993932
2351	0.13402543193225222
1736	0.13400967257756563
1557	0.13388373103505513
1194	0.13383656396405458
1203	0.13383656396405458
2580	0.13382084899147617
78	0.1337815777011277
455	0.13376587563801723
1553	0.13375802598860476
2708	0.13370310422758175
1384	0.13366390200385936
615	0.133609057495417
405	0.13357773797889202
1265	0.1335229641422186
1	0.1335073227242906
9	0.1335073227242906
436	0.1335073227242906
752	0.1335073227242906
2468	0.1335073227242906
545	0.13349950338947017
2510	0.13349950338947017
644	0.13349168497053082
2030	0.13348386746731167
714	0.1334760508796518
1814	0.1334760508796518
2151	0.13344479368138948
1852	0.1334369816691145
497	0.13331991114650601
233	0.1333121137484977
664	0.13330431726251907
2560	0.13324976738406485
920	0.13319526213240307
453	0.13310970105535
13	0.1330553103071516
2440	0.13296217236608607
2499	0.13295441675640537
2129	0.13293890825100976
1155	0.13287691039243404
2412	0.13283044993425489
532	0.13279175769716364
28	0.13276855317286892
716	0.13275308799486393
201	0.13264493254607856
1493	0.13252924709993685
783	0.13252154191115195
926	0.13252154191115195
2507	0.13252154191115195
2367	0.13251383761826718
2649	0.13250613422112625
5	0.1324214559270211
2458	0.13235993965924242
760	0.1323522541442233
2012	0.1323292029533709
1836	0.1323215210073037
2634	0.1323215210073037
1768	0.13229080213997757
2445	0.13229080213997757
1127	0.13227544805430672
2218	0.13227544805430672
2408	0.13225242360729988
1492	0.13217573330657081
1769	0.13216806916802817
2338	0.13216040591823586
831	0.13206851618702206
908	0.13206851618702206
919	0.13206851618702206
1478	0.13206851618702206
1445	0.13203791466557457
2254	0.13196147286932286
2075	0.13194619513006156
1003	0.1318774890576148
507	0.13183934992606938
606	0.1318241004494716
2631	0.1318088545001916
325	0.1317936120770057
339	0.1317174528096974
1303	0.13167179948424781
2052	0.13165658874093536
333	0.13161097758945747
96	0.13161097758945747
2588	0.13154262008724685
747	0.13151226176274025
2368	0.13149708785461023
1168	0.13148950221354566
514	0.13147433355665997
485	0.13142884857705206
833	0.13138339505860935
1905	0.13133797296870145
2087	0.1313304056736468
727	0.131322839250551
385	0.13126989869107428
438	0.13126989869107428
444	0.13126989869107428
51	0.1312623392382271
481	0.13125478065598375
2184	0.1312472229441938
2223	0.13123211013137276
2112	0.13119434332173444
1750	0.13118679256816193
2095	0.13118679256816193
1881	0.13117924268369094
1047	0.13117169366817136
2134	0.13113396161959578
691	0.1310887118053723
1622	0.13108117320557902
285	0.13105856260762497
1629	0.13105856260762497
997	0.13105102747495048
799	0.13099830579723068
1926	0.13097572377589
422	0.1309681981654685
1711	0.13095314953876902
1985	0.13090050656818547
2380	0.13090050656818547
326	0.13086293035203891
2372	0.1308554176974461
571	0.13084039497570826
2024	0.13084039497570826
2008	0.13078033856628685
1980	0.13077283539138346
60	0.13075033103148131
840	0.13075033103148131
1525	0.13075033103148131
1176	0.13075033103148131
875	0.13073533242740543
1069	0.13073533242740543
1246	0.13073533242740543
2531	0.13073533242740543
835	0.130727834415681
1201	0.1307203372639682
1259	0.1307203372639682
1527	0.1307203372639682
1068	0.1306978509674205
1815	0.1306828644004021
274	0.13066788126988155
373	0.13066788126988155
2027	0.13066788126988155
213	0.1306603909929386
1382	0.1306603909929386
1923	0.1306603909929386
1264	0.13065290157467693
2171	0.13065290157467693
1866	0.1306304384705034
1954	0.1306304384705034
1802	0.13059301712339944
294	0.13057805458706542
2553	0.13057057460456056
1171	0.13056309547896744
1419	0.13054066324218622
2672	0.13050329330538268
2169	0.13043608130883055
2707	0.1304062315276511
860	0.13039877121692298
2037	0.13028696889807453
1539	0.13024974404981793
1228	0.13016049114160655
1670	0.13016049114160655
2244	0.13013819702379753
2239	0.13012333852096897
2021	0.13010848341068632
2358	0.13006393842349864
638	0.13001942392743218
647	0.13000459253247099
1706	0.12998976452077637
1213	0.12998976452077637
2556	0.12993789310636267
2394	0.12989346483199302
1436	0.12987126208602437
1044	0.12985646447170363
1865	0.12978991691560265
2323	0.12978252695278789
2377	0.12978252695278789
2423	0.12978252695278789
139	0.12976774955148385
1872	0.12976774955148385
2568	0.12970867358287222
2644	0.1296939129941288
2647	0.1296939129941288
2102	0.12968653395947963
1360	0.12967177840890964
25	0.12964965137772674
2002	0.12964965137772674
1349	0.12964965137772674
1457	0.12964227737867215
1065	0.12964227737867215
1773	0.12963490421838217
1899	0.12962016041352367
1940	0.12962016041352367
671	0.12961278976866905
2395	0.12961278976866905
759	0.12956121871606968
2501	0.1295170476090581
2131	0.1294508473916296
1393	0.1294140987266118
892	0.12940675149720757
749	0.12935534424106543
268	0.1293480036812969
1841	0.1293113133756064
266	0.1291867218811955
1707	0.1291867218811955
1321	0.12908429725177334
2517	0.12908429725177334
1639	0.1289893339862947
141	0.12895284684723998
1451	0.12894555189635198
2686	0.12894555189635198
2693	0.12894555189635198
321	0.12887993446069285
712	0.12887993446069285
2566	0.12886536187651593
777	0.1288580768201602
2086	0.12882894482969615
2496	0.1288143837734848
2271	0.12866895404300388
1663	0.12861813118563445
1714	0.12850211528198296
42	0.12845866325923205
1325	0.12827071023476722
1172	0.1282202014328522
820	0.12819856697816726
389	0.12811930306738314
905	0.12800418492007715
2570	0.12796825291218356
1322	0.12794670338881917
2257	0.1278820983433468
815	0.1277101367588421
1081	0.12769582749982147
1191	0.127674369622574
1223	0.127674369622574
1383	0.127674369622574
978	0.12763862251494085
969	0.12761718385710843
1744	0.12751723193688466
1952	0.12748157275569427
1476	0.12743880805500468
1052	0.1274031927154331
1209	0.1274031927154331
2208	0.1273462495598533
2154	0.1273391352442354
440	0.12725382541714012
818	0.1272112133537121
2215	0.12712607478370405
2462	0.12709772057944763
2616	0.1270410500987523
2300	0.12695613907050315
1917	0.12675140526451725
1086	0.12670912896057668
1133	0.12664576735591807
115	0.12658246908823312
1659	0.12658246908823312
2657	0.12639295335875644
2664	0.126385945155077
2114	0.1260365231336364
2487	0.1260365231336364
186	0.12594598966028367
1967	0.12581390522005928
1063	0.12579307510330098
1327	0.1257722518827906
1807	0.1257306261168191
1603	0.1256613110354382
1301	0.12563360639760865
1521	0.12563360639760865
399	0.12560591397320844
249	0.12549526624851698
2460	0.12544001545714675
2247	0.1253641250066997
300	0.1253365512411643
2070	0.12527455459586773
510	0.12526078589173015
1216	0.12525390267456937
2662	0.125219497932858
2082	0.12520574132775686
2243	0.12520574132775686
2417	0.12520574132775686
2160	0.1251988641586188
2376	0.1251988641586188
620	0.12518511208654512
2695	0.12518511208654512
2489	0.12518511208654512
1763	0.12517823718336063
8	0.1250889321079911
1375	0.12504775734429524
1520	0.12504775734429524
1292	0.12503403844606767
1073	0.12498604599834479
1782	0.12479444406634622
705	0.12466476268167873
1893	0.12463749567321816
2652	0.12457618849384128
1568	0.12457618849384128
2435	0.12457618849384128
2332	0.12454896021374864
425	0.12454215500337744
2145	0.12452854681336395
1212	0.12440620679357133
2483	0.12439941717359677
998	0.12438584015671562
1823	0.124358695011829
292	0.12432478023736301
2161	0.12430444025041248
1700	0.12423668833443144
1089	0.12419607262419298
2567	0.12412843875574872
309	0.12411492082068139
581	0.12398664713184367
914	0.12396641762505105
2490	0.12381826937214481
2472	0.12378464868425185
1900	0.12375104624962342
2294	0.12367718507172075
1988	0.12351633905233629
2109	0.12346950440776847
596	0.12330919777505078
487	0.12327585294060646
2007	0.12322920045801014
1845	0.12306951681182515
677	0.12299646669932085
477	0.1229898300799554
796	0.12282414704557677
1901	0.12269192167465894
2548	0.12269192167465894
2066	0.12254680219740934
1098	0.12252703977163971
1904	0.12250728371879037
2626	0.12250728371879037
1255	0.1224217477239279
2276	0.12240202560798054
991	0.12234946435168081
2162	0.12219860188022376
802	0.1221462151477313
535	0.12212003862158125
1422	0.12195668918522279
1210	0.12194364010655968
1660	0.12193711661433765
630	0.12174823848263078
2670	0.12174173587949653
2554	0.12173523397093643
1497	0.12159236748489352
1146	0.12151458155836517
100	0.12150162691214358
1847	0.1212947275900284
1928	0.1212947275900284
841	0.12126246320539522
2357	0.12124956225713143
2467	0.12121732189277885
2084	0.12110783278634576
594	0.1211013984099359
2305	0.12104351977440464
1211	0.12103709222981168
1454	0.12103709222981168
1666	0.12102423918826664
2111	0.1210049647434206
2280	0.1208253655378645
1135	0.12067823596314135
24	0.12059523416072239
335	0.12044866417627424
482	0.12034055862266056
1027	0.12029610095375837
293	0.1202389893375436
327	0.12022630523085678
1877	0.11993530759651742
279	0.11958294532667824
2277	0.1195766719584416
2039	0.11955158506618134
813	0.11935126824127205
1045	0.1193450191565953
1366	0.11933877072627296
1616	0.11931378354647265
1230	0.11930753838638124
1640	0.11930753838638124
916	0.11918277233316674
1867	0.11903339708975996
1022	0.11898368851447585
1101	0.11898368851447585
1831	0.11897126785697655
31	0.11885959852280406
2225	0.11880384243051254
54	0.11870484954024652
2646	0.11861836599041495
804	0.11844577639117718
1564	0.11843962176522804
1914	0.11842731443195376
1774	0.1183166634244388
2144	0.1183166634244388
286	0.11826141542346238
1263	0.1181082191238828
1649	0.11801038161386558
138	0.11798594755793848
1977	0.11796152361806209
2049	0.11796152361806209
2076	0.11794931543967989
1838	0.11793100790934467
2133	0.11793100790934467
1057	0.11785783458489212
1096	0.11782737249272753
357	0.1176692231104132
41	0.11764493010951296
1181	0.11763885842649739
1621	0.11763885842649739
1844	0.11742674364390364
1512	0.11720333817728373
417	0.1171431041665029
825	0.11710097718324242
1849	0.11703483882069284
1810	0.11703483882069284
50	0.11690878190859176
223	0.11690878190859176
94	0.11675906776312947
2345	0.1167052644960224
1399	0.11667539521252118
1385	0.11667539521252118
151	0.11662166901365124
1897	0.11657395391355872
1819	0.11656203123865067
2469	0.11655607081569921
582	0.11623511070228525
694	0.11621140618292106
2188	0.11605756216251598
533	0.11599259685877633
2459	0.1158275583551915
924	0.11565125175664995
852	0.11553986825181539
1391	0.11553986825181539
1606	0.11553986825181539
2611	0.11552815615163779
1256	0.11552230099193217
359	0.1152652602210778
1834	0.11502096789987455
1332	0.1150151640363212
1333	0.1150151640363212
643	0.11498035315132232
1016	0.11481818057988182
1710	0.11481239716273679
873	0.11480661432818644
1247	0.11480083207614272
2048	0.11478926931922312
1434	0.11475459501947408
793	0.11474304157421665
1717	0.11473149045511723
301	0.1147141681364778
1449	0.11470262282970077
893	0.11469107984662441
2393	0.1146218707066184
1244	0.11453547665302316
170	0.11452396728492256
1780	0.1144722037400469
1781	0.1144722037400469
990	0.11444921273708644
1822	0.11444346642927217
388	0.11431719348371602
726	0.11431146042486529
1753	0.11418547845265073
2245	0.11397992403599429
931	0.11376375129126641
2511	0.1137013279229717
953	0.11362197900761745
270	0.11360499007534956
2352	0.11359366694267985
1927	0.11338459537739709
1942	0.11338459537739709
890	0.11337331613388776
1983	0.1133451278404681
343	0.1133056877701354
1386	0.11326064699984167
2044	0.11285129819149489
469	0.11280661787943252
2457	0.11280103532794644
2003	0.11278429098821444
1993	0.11277313085651167
95	0.1127563947994961
1992	0.1127452401875557
889	0.11273966370916083
1979	0.11273966370916083
1871	0.11273408778237369
353	0.11272851240711244
1734	0.11271736331084035
534	0.11270064380083133
1373	0.1125559488850829
1042	0.11229532569079781
1978	0.11212408484784366
1314	0.11211856964445714
2577	0.11189840554108069
2319	0.111881928084809
1435	0.11187643667771738
2026	0.11187094580965957
2220	0.11185447643889557
2009	0.11183801191657984
2023	0.11183801191657984
1787	0.11183252481953752
2700	0.11182703826089455
98	0.11176124152350153
1368	0.11172837218135452
1708	0.11164628334991251
2085	0.1115970879251806
340	0.11083198098180559
2624	0.1108212038541333
1971	0.1108212038541333
1550	0.11067591749802445
106	0.11065979808096969
874	0.11051493434530006
921	0.11051493434530006
554	0.11037044939336692
597	0.11027967104706632
670	0.1102210116475732
826	0.1102210116475732
806	0.11005072039744176
1248	0.10955878494937821
2532	0.10934330427284916
923	0.10926468150480867
232	0.10871747213926422
795	0.1083299520399132
2269	0.10801680034460306
1121	0.10801168179272207
2446	0.10801168179272207
2523	0.10800144614412764
1543	0.10780223802836802
1418	0.10765458465365388
1653	0.1076393332485745
1440	0.10757329373126687
222	0.1074921254832263
1614	0.1074212036793352
1620	0.10738071893681697
1723	0.10732004900757162
1853	0.10730489223575057
2579	0.10730489223575057
2593	0.10730489223575057
2680	0.10730489223575057
1848	0.10714348598626557
2241	0.10707805331290524
2512	0.10706296481314297
884	0.106947427432638
2298	0.10694240972467926
1153	0.10693739248753524
1342	0.10562421320073279
1295	0.10548734361679997
680	0.10524381387347925
1361	0.10442415800219047
2072	0.10380119863708792
2074	0.10342910068390115
1472	0.1032884955986865
1502	0.10323703613713545
649	0.10315294025758309
2322	0.10305034227911812
2315	0.10303171002449096
1234	0.10293400112318524
1417	0.10293400112318524
895	0.10260963900566372
1339	0.10231486313276837
698	0.10218184968269214
853	0.10206746018591321
49	0.10174398611220879
2363	0.1011794442858582
1661	0.10111660548628398
897	0.10094643582248954
1801	0.10093302576592188
468	0.10092855653878027
271	0.10091961927175301
2017	0.10091961927175301
277	0.10090621633856363
496	0.10090621633856363
730	0.10089728302739205
1994	0.10088388602601636
2547	0.1008704925818389
1946	0.1008704925818389
1654	0.10082141369744399
492	0.10051907394918917
2378	0.1005146413049263
1030	0.100492483946381
183	0.10047476509176645
127	0.10046590800739658
1743	0.10045705248443428
1732	0.10040837499985965
778	0.10037742297304095
1006	0.09991542194677656
1624	0.09991542194677656
1656	0.09991542194677656
2679	0.09974926790389102
2694	0.0997187208361105
124	0.09852476857021022
1754	0.09664492350527087
1678	0.09664082595064079
785	0.09624094413409111
1615	0.09618002957389822
1163	0.09616785591392345
1724	0.09613946268808528
2321	0.09589677819310083
2346	0.09589274383137626
2419	0.09589274383137626
2142	0.09588467612619106
33	0.09441905972709556
1282	0.0928952406924976
1283	0.0928952406924976
448	0.09286117986115106
1634	0.09284226796757011
2187	0.0926498057422898
2371	0.0926498057422898
918	0.09244689004184838
1655	0.0920660199075779
856	0.09206230142056682
1784	0.09159984411155013
2683	0.09159984411155013
1084	0.09108373709777477
1996	0.0909601548693808
1908	0.09095652517445386
465	0.09095289576919571
1995	0.09095289576919571
1902	0.09094926665357168
574	0.09094563782754714
2001	0.09093838104415773
2116	0.09092024415124905
68	0.09090573984493155
1091	0.09059861365204554
2209	0.09058421177410537
2478	0.08997278443482332
846	0.08710859177100216
1854	0.08683316269987862
2006	0.0868232400438736
1273	0.08438050275318601
949	0.08437425581609527
1452	0.08436800980389435
1605	0.08436488714456339
1347	0.08436488714456339
1447	0.08436176471637787
1023	0.08435864251931213
1495	0.08435864251931213
631	0.08433679360905072
851	0.08398874390625351
2349	0.0832951039967774
2302	0.08276881952401371
2098	0.08276581412025467
276	0.08275379468747508
280	0.08275379468747508
2242	0.08275379468747508
1024	0.0824723395640717
1762	0.08244847431352868
2314	0.08244847431352868
2235	0.08244847431352868
2236	0.08244847431352868
1862	0.07932936069577885
409	0.07724061405868565
2589	0.07592334024621324
879	0.07567882469111901
1473	0.06991505186405171
736	0.004440055696058651
308	0.003848048269917498
196	0.003498225699924998
599	0.0034460133760455206
2650	0.0033953367087507336
87	0.003298327088500712
217	0.003298327088500712
1957	0.003298327088500712
2107	0.0032518717773950684
2528	0.0032518717773950684
708	0.0032067068915979146
1505	0.0029553010712966383
197	0.002922568306266454
159	0.0028860362024381234
433	0.0027817216409042156
429	0.002748605907083927
250	0.002684684839477324
303	0.002684684839477324
1507	0.002626934285597012
653	0.0025653655132783317
2437	0.002509596697772281
374	0.0024826117870435467
1962	0.0024562010233515944
2101	0.0024562010233515944
1751	0.002430346275737367
185	0.002405030168698436
434	0.002405030168698436
1504	0.002364240857037311
2191	0.0022626523827114888
166	0.002157784076589251
1508	0.002149309870033919
1526	0.002149309870033919
1309	0.0019702007141977587
1109	0.0019702007141977587
1277	0.0019702007141977587
1416	0.0018186468131056238
2190	0.0018101219061691907
2195	0.0018101219061691907
2150	0.0016455653692447189
2189	0.0016455653692447189
2366	0.0016455653692447189
366	0.0015392193079669992
1956	0.0015084349218076592
593	0.0014776505356483192
2698	0.0014776505356483192
365	0.001319330835400285
591	0.001319330835400285
241	0.0011821204285186555
590	0.0011821204285186555
1510	0.0011821204285186555
1760	0.0011821204285186555
2653	0.0011821204285186555
2699	0.0011821204285186555
273	0.0011082379017362395
341	0.0011082379017362395
342	0.0011082379017362395
530	0.0011082379017362395
710	0.0011082379017362395
1939	0.0011082379017362395
1771	0.0011082379017362395
2237	0.0011082379017362395
2263	0.0011082379017362395
2669	0.00106477759186423
2573	0.001026146205311333
2113	0.001026146205311333
2309	0.0009851003570988794
283	0.0009851003570988794
1145	0.0009851003570988794
2289	0.0009851003570988794
2701	0.0009851003570988794
367	0.0009235315847801995
915	0.0008311784263021797
803	0.0008311784263021797
974	0.0008311784263021797
1552	0.0008311784263021797
1765	0.0008311784263021797
1766	0.0008311784263021797
1916	0.0008311784263021797
1982	0.0008311784263021797
2436	0.0008311784263021797
2543	0.0008311784263021797
62	0.0007388252678241596
380	0.0007388252678241596
177	0.0007388252678241596
757	0.0007388252678241596
1459	0.0007388252678241596
1778	0.0007388252678241596
2065	0.0007388252678241596
1803	0.0007388252678241596
1805	0.0007388252678241596
2290	0.0007388252678241596
1806	0.0007388252678241596
2071	0.0007388252678241596
2248	0.0007388252678241596
2264	0.0007388252678241596
2702	0.0007388252678241596
1859	0.0007388252678241596
2638	0.0007388252678241596
517	0.0006649427410417437
994	0.0005541189508681197
1169	0.0005541189508681197
2498	0.0005541189508681197
2492	0.0005541189508681197
839	0.0004925501785494397
1715	0.0004925501785494397
2603	0.0004925501785494397
2641	0.0004925501785494397
2482	0.0004925501785494397
2529	0.0004925501785494397
82	0.0003694126339120798
648	0.0003694126339120798
195	0.0003694126339120798
674	0.0003694126339120798
505	0.0003694126339120798
703	0.0003694126339120798
618	0.0003694126339120798
227	0.0003694126339120798
679	0.0003694126339120798
529	0.0003694126339120798
850	0.0003694126339120798
1721	0.0003694126339120798
896	0.0003694126339120798
1437	0.0003694126339120798
940	0.0003694126339120798
1243	0.0003694126339120798
973	0.0003694126339120798
954	0.0003694126339120798
1049	0.0003694126339120798
985	0.0003694126339120798
1152	0.0003694126339120798
1351	0.0003694126339120798
1157	0.0003694126339120798
1014	0.0003694126339120798
1161	0.0003694126339120798
1167	0.0003694126339120798
1218	0.0003694126339120798
1350	0.0003694126339120798
1296	0.0003694126339120798
887	0.0003694126339120798
1320	0.0003694126339120798
1392	0.0003694126339120798
1388	0.0003694126339120798
1240	0.0003694126339120798
1542	0.0003694126339120798
1396	0.0003694126339120798
1613	0.0003694126339120798
1518	0.0003694126339120798
1630	0.0003694126339120798
797	0.0003694126339120798
1682	0.0003694126339120798
1683	0.0003694126339120798
1747	0.0003694126339120798
1949	0.0003694126339120798
1752	0.0003694126339120798
2692	0.0003694126339120798
1790	0.0003694126339120798
2470	0.0003694126339120798
1799	0.0003694126339120798
2121	0.0003694126339120798
1818	0.0003694126339120798
2465	0.0003694126339120798
1850	0.0003694126339120798
2164	0.0003694126339120798
1874	0.0003694126339120798
1999	0.0003694126339120798
1875	0.0003694126339120798
1921	0.0003694126339120798
1930	0.0003694126339120798
2350	0.0003694126339120798
1961	0.0003694126339120798
1950	0.0003694126339120798
1990	0.0003694126339120798
1883	0.0003694126339120798
1997	0.0003694126339120798
1998	0.0003694126339120798
2010	0.0003694126339120798
2535	0.0003694126339120798
2042	0.0003694126339120798
1745	0.0003694126339120798
2118	0.0003694126339120798
2640	0.0003694126339120798
2120	0.0003694126339120798
2155	0.0003694126339120798
2122	0.0003694126339120798
2213	0.0003694126339120798
2135	0.0003694126339120798
2645	0.0003694126339120798
2137	0.0003694126339120798
2149	0.0003694126339120798
2143	0.0003694126339120798
2097	0.0003694126339120798
2186	0.0003694126339120798
2110	0.0003694126339120798
2265	0.0003694126339120798
2520	0.0003694126339120798
2385	0.0003694126339120798
2461	0.0003694126339120798
2387	0.0003694126339120798
2388	0.0003694126339120798
2396	0.0003694126339120798
2666	0.0003694126339120798
2402	0.0003694126339120798
1989	0.0003694126339120798
2495	0.0003694126339120798
2064	0.0003694126339120798
2504	0.0003694126339120798
2359	0.0003694126339120798
2513	0.0003694126339120798
1931	0.0003694126339120798
2534	0.0003694126339120798
2518	0.0003694126339120798
2574	0.0003694126339120798
1943	0.0003694126339120798
2585	0.0003694126339120798
2633	0.0003694126339120798
2621	0.0003694126339120798
1973	0.0003694126339120798
2622	0.0003694126339120798
2106	0.0003694126339120798
2632	0.0003694126339120798
2602	0.0003694126339120798
2685	0.0003694126339120798
2524	0.0003694126339120798
